# n_qubits=6; one amplitude per line: real imag; index = sum_k x_k 2^(n-1-k), qubit 0 = most significant bit
0.00000000000000000e+00 0.00000000000000000e+00
0.00000000000000000e+00 0.00000000000000000e+00
0.00000000000000000e+00 0.00000000000000000e+00
0.00000000000000000e+00 0.00000000000000000e+00
0.00000000000000000e+00 0.00000000000000000e+00
0.00000000000000000e+00 0.00000000000000000e+00
0.00000000000000000e+00 0.00000000000000000e+00
2.23606797749979019e-01 0.00000000000000000e+00
0.00000000000000000e+00 0.00000000000000000e+00
0.00000000000000000e+00 0.00000000000000000e+00
0.00000000000000000e+00 0.00000000000000000e+00
2.23606797749979019e-01 0.00000000000000000e+00
0.00000000000000000e+00 0.00000000000000000e+00
2.23606797749979019e-01 0.00000000000000000e+00
2.23606797749979019e-01 0.00000000000000000e+00
0.00000000000000000e+00 0.00000000000000000e+00
0.00000000000000000e+00 0.00000000000000000e+00
0.00000000000000000e+00 0.00000000000000000e+00
0.00000000000000000e+00 0.00000000000000000e+00
2.23606797749979019e-01 0.00000000000000000e+00
0.00000000000000000e+00 0.00000000000000000e+00
2.23606797749979019e-01 0.00000000000000000e+00
2.23606797749979019e-01 0.00000000000000000e+00
0.00000000000000000e+00 0.00000000000000000e+00
0.00000000000000000e+00 0.00000000000000000e+00
2.23606797749979019e-01 0.00000000000000000e+00
2.23606797749979019e-01 0.00000000000000000e+00
0.00000000000000000e+00 0.00000000000000000e+00
2.23606797749979019e-01 0.00000000000000000e+00
0.00000000000000000e+00 0.00000000000000000e+00
0.00000000000000000e+00 0.00000000000000000e+00
0.00000000000000000e+00 0.00000000000000000e+00
0.00000000000000000e+00 0.00000000000000000e+00
0.00000000000000000e+00 0.00000000000000000e+00
0.00000000000000000e+00 0.00000000000000000e+00
2.23606797749979019e-01 0.00000000000000000e+00
0.00000000000000000e+00 0.00000000000000000e+00
2.23606797749979019e-01 0.00000000000000000e+00
2.23606797749979019e-01 0.00000000000000000e+00
0.00000000000000000e+00 0.00000000000000000e+00
0.00000000000000000e+00 0.00000000000000000e+00
2.23606797749979019e-01 0.00000000000000000e+00
2.23606797749979019e-01 0.00000000000000000e+00
0.00000000000000000e+00 0.00000000000000000e+00
2.23606797749979019e-01 0.00000000000000000e+00
0.00000000000000000e+00 0.00000000000000000e+00
0.00000000000000000e+00 0.00000000000000000e+00
0.00000000000000000e+00 0.00000000000000000e+00
0.00000000000000000e+00 0.00000000000000000e+00
2.23606797749979019e-01 0.00000000000000000e+00
2.23606797749979019e-01 0.00000000000000000e+00
0.00000000000000000e+00 0.00000000000000000e+00
2.23606797749979019e-01 0.00000000000000000e+00
0.00000000000000000e+00 0.00000000000000000e+00
0.00000000000000000e+00 0.00000000000000000e+00
0.00000000000000000e+00 0.00000000000000000e+00
2.23606797749979019e-01 0.00000000000000000e+00
0.00000000000000000e+00 0.00000000000000000e+00
0.00000000000000000e+00 0.00000000000000000e+00
0.00000000000000000e+00 0.00000000000000000e+00
0.00000000000000000e+00 0.00000000000000000e+00
0.00000000000000000e+00 0.00000000000000000e+00
0.00000000000000000e+00 0.00000000000000000e+00
0.00000000000000000e+00 0.00000000000000000e+00
