# n_qubits=10; one amplitude per line: real imag; index = sum_k x_k 2^(n-1-k), qubit 0 = most significant bit
-4.35846786479512744e-154 0.00000000000000000e+00
4.35846786479512744e-154 0.00000000000000000e+00
-1.69153638377275566e-137 0.00000000000000000e+00
1.69153638377275566e-137 0.00000000000000000e+00
3.64634296649302328e-137 0.00000000000000000e+00
-3.64634296649302328e-137 0.00000000000000000e+00
-3.65936772256504757e-120 0.00000000000000000e+00
3.65936772256504757e-120 0.00000000000000000e+00
-2.12516898940918796e-136 0.00000000000000000e+00
2.12516898940918796e-136 0.00000000000000000e+00
2.61842047957086346e-119 0.00000000000000000e+00
-2.61842047957086346e-119 0.00000000000000000e+00
-3.26963190464990068e-119 0.00000000000000000e+00
3.26963190464990068e-119 0.00000000000000000e+00
1.04483956565657222e-102 0.00000000000000000e+00
-1.04483956565657222e-102 0.00000000000000000e+00
-1.34446029855412844e-136 0.00000000000000000e+00
1.34446029855412844e-136 0.00000000000000000e+00
-5.84770662882704379e-120 0.00000000000000000e+00
5.84770662882704379e-120 0.00000000000000000e+00
-1.83665607916493812e-119 0.00000000000000000e+00
1.83665607916493812e-119 0.00000000000000000e+00
8.45156297991376682e-103 0.00000000000000000e+00
-8.45156297991376682e-103 0.00000000000000000e+00
-9.21164849729021211e-120 0.00000000000000000e+00
9.21164849729021211e-120 0.00000000000000000e+00
-4.34663181501435695e-103 0.00000000000000000e+00
4.34663181501435695e-103 0.00000000000000000e+00
-1.24717655260773052e-102 0.00000000000000000e+00
1.24717655260773052e-102 0.00000000000000000e+00
6.16103783079668993e-86 0.00000000000000000e+00
-6.16103783079668993e-86 0.00000000000000000e+00
5.19621654322400815e-137 0.00000000000000000e+00
-5.19621654322400815e-137 0.00000000000000000e+00
-2.09052294679802278e-120 0.00000000000000000e+00
2.09052294679802278e-120 0.00000000000000000e+00
5.09819024948254935e-120 0.00000000000000000e+00
-5.09819024948254935e-120 0.00000000000000000e+00
-2.45647334184108124e-103 0.00000000000000000e+00
2.45647334184108124e-103 0.00000000000000000e+00
-1.08139989316310662e-119 0.00000000000000000e+00
1.08139989316310662e-119 0.00000000000000000e+00
-1.10903773198955760e-102 0.00000000000000000e+00
1.10903773198955760e-102 0.00000000000000000e+00
1.84668551641499913e-102 0.00000000000000000e+00
-1.84668551641499913e-102 0.00000000000000000e+00
-7.22610224419743444e-86 0.00000000000000000e+00
7.22610224419743444e-86 0.00000000000000000e+00
-3.02837088430443656e-119 0.00000000000000000e+00
3.02837088430443656e-119 0.00000000000000000e+00
-9.15025396327452800e-103 0.00000000000000000e+00
9.15025396327452800e-103 0.00000000000000000e+00
4.97644815386381264e-103 0.00000000000000000e+00
-4.97644815386381264e-103 0.00000000000000000e+00
-4.49990300247439139e-86 0.00000000000000000e+00
4.49990300247439139e-86 0.00000000000000000e+00
-1.63148113901292774e-102 0.00000000000000000e+00
1.63148113901292774e-102 0.00000000000000000e+00
3.43483858907365259e-86 0.00000000000000000e+00
-3.43483858907365259e-86 0.00000000000000000e+00
1.05769441115947090e-85 0.00000000000000000e+00
-1.05769441115947090e-85 0.00000000000000000e+00
-4.22597893736680512e-69 0.00000000000000000e+00
4.22597893736680512e-69 0.00000000000000000e+00
-5.54339212882740279e-135 0.00000000000000000e+00
5.54339212882740279e-135 0.00000000000000000e+00
-5.28203935985043236e-118 0.00000000000000000e+00
5.28203935985043236e-118 0.00000000000000000e+00
1.62391664713617610e-118 0.00000000000000000e+00
-1.62391664713617610e-118 0.00000000000000000e+00
1.37663329707219702e-101 0.00000000000000000e+00
-1.37663329707219702e-101 0.00000000000000000e+00
4.01827235828177944e-119 0.00000000000000000e+00
-4.01827235828177944e-119 0.00000000000000000e+00
1.05865459893758312e-101 0.00000000000000000e+00
-1.05865459893758312e-101 0.00000000000000000e+00
-1.97109926388637451e-101 0.00000000000000000e+00
1.97109926388637451e-101 0.00000000000000000e+00
1.18638372378868139e-84 0.00000000000000000e+00
-1.18638372378868139e-84 0.00000000000000000e+00
-8.03345820855625958e-119 0.00000000000000000e+00
8.03345820855625958e-119 0.00000000000000000e+00
6.86177759590436953e-102 0.00000000000000000e+00
-6.86177759590436953e-102 0.00000000000000000e+00
3.27477031956446308e-102 0.00000000000000000e+00
-3.27477031956446308e-102 0.00000000000000000e+00
-2.07985287658863567e-85 0.00000000000000000e+00
2.07985287658863567e-85 0.00000000000000000e+00
5.22581087853648635e-103 0.00000000000000000e+00
-5.22581087853648635e-103 0.00000000000000000e+00
-1.97640453368456849e-86 0.00000000000000000e+00
1.97640453368456849e-86 0.00000000000000000e+00
9.98162481466664438e-85 0.00000000000000000e+00
-9.98162481466664438e-85 0.00000000000000000e+00
-3.54157538438022092e-68 0.00000000000000000e+00
3.54157538438022092e-68 0.00000000000000000e+00
1.16442262215577324e-119 0.00000000000000000e+00
-1.16442262215577324e-119 0.00000000000000000e+00
6.69880171586559988e-103 0.00000000000000000e+00
-6.69880171586559988e-103 0.00000000000000000e+00
-6.58295898113023331e-103 0.00000000000000000e+00
6.58295898113023331e-103 0.00000000000000000e+00
-8.04511410681997549e-86 0.00000000000000000e+00
8.04511410681997549e-86 0.00000000000000000e+00
-1.29302062079288983e-101 0.00000000000000000e+00
1.29302062079288983e-101 0.00000000000000000e+00
-4.82006076986113216e-85 0.00000000000000000e+00
4.82006076986113216e-85 0.00000000000000000e+00
7.72424125593487036e-85 0.00000000000000000e+00
-7.72424125593487036e-85 0.00000000000000000e+00
2.65020909276818809e-68 0.00000000000000000e+00
-2.65020909276818809e-68 0.00000000000000000e+00
-1.05128208073949498e-102 0.00000000000000000e+00
1.05128208073949498e-102 0.00000000000000000e+00
-1.06483467022759610e-85 0.00000000000000000e+00
1.06483467022759610e-85 0.00000000000000000e+00
-2.10246196438954023e-85 0.00000000000000000e+00
2.10246196438954023e-85 0.00000000000000000e+00
8.04029930489763497e-69 0.00000000000000000e+00
-8.04029930489763497e-69 0.00000000000000000e+00
1.50181579126270543e-85 0.00000000000000000e+00
-1.50181579126270543e-85 0.00000000000000000e+00
-1.69539622210179530e-68 0.00000000000000000e+00
1.69539622210179530e-68 0.00000000000000000e+00
-2.26877705601510433e-68 0.00000000000000000e+00
2.26877705601510433e-68 0.00000000000000000e+00
-1.28397481436545285e-51 0.00000000000000000e+00
1.28397481436545285e-51 0.00000000000000000e+00
-6.00730379200521105e-135 0.00000000000000000e+00
6.00730379200521105e-135 0.00000000000000000e+00
-6.15996171813481076e-118 0.00000000000000000e+00
6.15996171813481076e-118 0.00000000000000000e+00
5.66235376753358773e-118 0.00000000000000000e+00
-5.66235376753358773e-118 0.00000000000000000e+00
3.52242037953219651e-101 0.00000000000000000e+00
-3.52242037953219651e-101 0.00000000000000000e+00
-7.17727904423995502e-119 0.00000000000000000e+00
7.17727904423995502e-119 0.00000000000000000e+00
-2.34420623004541026e-102 0.00000000000000000e+00
2.34420623004541026e-102 0.00000000000000000e+00
1.74687818573625104e-102 0.00000000000000000e+00
-1.74687818573625104e-102 0.00000000000000000e+00
1.28257105707684867e-84 0.00000000000000000e+00
-1.28257105707684867e-84 0.00000000000000000e+00
1.71328290456945330e-118 0.00000000000000000e+00
-1.71328290456945330e-118 0.00000000000000000e+00
6.49694695359210627e-102 0.00000000000000000e+00
-6.49694695359210627e-102 0.00000000000000000e+00
4.67523929655997957e-102 0.00000000000000000e+00
-4.67523929655997957e-102 0.00000000000000000e+00
4.48351396075924621e-85 0.00000000000000000e+00
-4.48351396075924621e-85 0.00000000000000000e+00
-1.23647947296760312e-102 0.00000000000000000e+00
1.23647947296760312e-102 0.00000000000000000e+00
7.64232879513214607e-86 0.00000000000000000e+00
-7.64232879513214607e-86 0.00000000000000000e+00
-4.04523870585762056e-85 0.00000000000000000e+00
4.04523870585762056e-85 0.00000000000000000e+00
-2.69271562548373941e-68 0.00000000000000000e+00
2.69271562548373941e-68 0.00000000000000000e+00
2.92061188393656489e-118 0.00000000000000000e+00
-2.92061188393656489e-118 0.00000000000000000e+00
-1.01881383350017906e-101 0.00000000000000000e+00
1.01881383350017906e-101 0.00000000000000000e+00
2.38358678260977030e-101 0.00000000000000000e+00
-2.38358678260977030e-101 0.00000000000000000e+00
-1.13536033190362442e-84 0.00000000000000000e+00
1.13536033190362442e-84 0.00000000000000000e+00
-5.49225630189320587e-101 0.00000000000000000e+00
5.49225630189320587e-101 0.00000000000000000e+00
1.16266516808667899e-84 0.00000000000000000e+00
-1.16266516808667899e-84 0.00000000000000000e+00
1.27693520634743153e-84 0.00000000000000000e+00
-1.27693520634743153e-84 0.00000000000000000e+00
-6.53854029098256306e-68 0.00000000000000000e+00
6.53854029098256306e-68 0.00000000000000000e+00
1.98763160834274911e-101 0.00000000000000000e+00
-1.98763160834274911e-101 0.00000000000000000e+00
-2.75911247577048420e-84 0.00000000000000000e+00
2.75911247577048420e-84 0.00000000000000000e+00
-1.59244306047020137e-85 0.00000000000000000e+00
1.59244306047020137e-85 0.00000000000000000e+00
5.99849500425623025e-68 0.00000000000000000e+00
-5.99849500425623025e-68 0.00000000000000000e+00
1.38492814427253071e-84 0.00000000000000000e+00
-1.38492814427253071e-84 0.00000000000000000e+00
5.75268765503691236e-68 0.00000000000000000e+00
-5.75268765503691236e-68 0.00000000000000000e+00
-6.29273294176323941e-68 0.00000000000000000e+00
6.29273294176323941e-68 0.00000000000000000e+00
-3.40815559927309926e-51 0.00000000000000000e+00
3.40815559927309926e-51 0.00000000000000000e+00
-5.38448790618530065e-118 0.00000000000000000e+00
5.38448790618530065e-118 0.00000000000000000e+00
1.81311727659420060e-101 0.00000000000000000e+00
-1.81311727659420060e-101 0.00000000000000000e+00
-1.71957618086377713e-101 0.00000000000000000e+00
1.71957618086377713e-101 0.00000000000000000e+00
-6.34102915922450898e-85 0.00000000000000000e+00
6.34102915922450898e-85 0.00000000000000000e+00
-1.07595599477018128e-101 0.00000000000000000e+00
1.07595599477018128e-101 0.00000000000000000e+00
1.08783166735789652e-84 0.00000000000000000e+00
-1.08783166735789652e-84 0.00000000000000000e+00
5.72044853203077078e-85 0.00000000000000000e+00
-5.72044853203077078e-85 0.00000000000000000e+00
-2.77285663340669504e-68 0.00000000000000000e+00
2.77285663340669504e-68 0.00000000000000000e+00
-1.28529981017262660e-101 0.00000000000000000e+00
1.28529981017262660e-101 0.00000000000000000e+00
-2.59744529565425948e-85 0.00000000000000000e+00
2.59744529565425948e-85 0.00000000000000000e+00
9.43493941856830364e-86 0.00000000000000000e+00
-9.43493941856830364e-86 0.00000000000000000e+00
9.74737825672404362e-69 0.00000000000000000e+00
-9.74737825672404362e-69 0.00000000000000000e+00
9.63654679475823159e-85 0.00000000000000000e+00
-9.63654679475823159e-85 0.00000000000000000e+00
5.91835399633327173e-68 0.00000000000000000e+00
-5.91835399633327173e-68 0.00000000000000000e+00
-7.71647280406756776e-68 0.00000000000000000e+00
7.71647280406756776e-68 0.00000000000000000e+00
3.14440675344407465e-51 0.00000000000000000e+00
-3.14440675344407465e-51 0.00000000000000000e+00
-2.69963250174296336e-102 0.00000000000000000e+00
2.69963250174296336e-102 0.00000000000000000e+00
-1.19340750550393186e-85 0.00000000000000000e+00
1.19340750550393186e-85 0.00000000000000000e+00
6.19478075178048638e-86 0.00000000000000000e+00
-6.19478075178048638e-86 0.00000000000000000e+00
-6.45393367159930080e-69 0.00000000000000000e+00
6.45393367159930080e-69 0.00000000000000000e+00
2.16131668993462441e-85 0.00000000000000000e+00
-2.16131668993462441e-85 0.00000000000000000e+00
8.14183721030397323e-69 0.00000000000000000e+00
-8.14183721030397323e-69 0.00000000000000000e+00
4.41007961557566436e-69 0.00000000000000000e+00
-4.41007961557566436e-69 0.00000000000000000e+00
-2.76816962993467347e-52 0.00000000000000000e+00
2.76816962993467347e-52 0.00000000000000000e+00
-7.06397545315378641e-88 0.00000000000000000e+00
7.06397545315378641e-88 0.00000000000000000e+00
-1.37787702868077533e-70 0.00000000000000000e+00
1.37787702868077533e-70 0.00000000000000000e+00
1.37164517166487055e-70 0.00000000000000000e+00
-1.37164517166487055e-70 0.00000000000000000e+00
1.30681171644411221e-53 0.00000000000000000e+00
-1.30681171644411221e-53 0.00000000000000000e+00
8.82034119253873417e-68 0.00000000000000000e+00
-8.82034119253873417e-68 0.00000000000000000e+00
2.85452167328616546e-51 0.00000000000000000e+00
-2.85452167328616546e-51 0.00000000000000000e+00
-3.11827051911519363e-51 0.00000000000000000e+00
3.11827051911519363e-51 0.00000000000000000e+00
1.17621812030936147e-34 0.00000000000000000e+00
-1.17621812030936147e-34 0.00000000000000000e+00
-1.97639341047359006e-135 0.00000000000000000e+00
1.97639341047359006e-135 0.00000000000000000e+00
-1.24443207221698092e-118 0.00000000000000000e+00
1.24443207221698092e-118 0.00000000000000000e+00
-1.19070156861018045e-118 0.00000000000000000e+00
1.19070156861018045e-118 0.00000000000000000e+00
-1.16932502239734403e-101 0.00000000000000000e+00
1.16932502239734403e-101 0.00000000000000000e+00
-2.78460418498999933e-120 0.00000000000000000e+00
2.78460418498999933e-120 0.00000000000000000e+00
7.15870642162057417e-102 0.00000000000000000e+00
-7.15870642162057417e-102 0.00000000000000000e+00
-3.32391882157701304e-102 0.00000000000000000e+00
3.32391882157701304e-102 0.00000000000000000e+00
-2.79070204830512301e-85 0.00000000000000000e+00
2.79070204830512301e-85 0.00000000000000000e+00
-2.37548715955183509e-119 0.00000000000000000e+00
2.37548715955183509e-119 0.00000000000000000e+00
-1.40158214916104582e-101 0.00000000000000000e+00
1.40158214916104582e-101 0.00000000000000000e+00
-8.54216878856014867e-102 0.00000000000000000e+00
8.54216878856014867e-102 0.00000000000000000e+00
3.90196581300196451e-85 0.00000000000000000e+00
-3.90196581300196451e-85 0.00000000000000000e+00
-7.92161608022492063e-103 0.00000000000000000e+00
7.92161608022492063e-103 0.00000000000000000e+00
2.24667374508695114e-86 0.00000000000000000e+00
-2.24667374508695114e-86 0.00000000000000000e+00
8.86596390188145426e-86 0.00000000000000000e+00
-8.86596390188145426e-86 0.00000000000000000e+00
1.28665874589339320e-68 0.00000000000000000e+00
-1.28665874589339320e-68 0.00000000000000000e+00
4.09645361287852914e-119 0.00000000000000000e+00
-4.09645361287852914e-119 0.00000000000000000e+00
2.77354800973114633e-102 0.00000000000000000e+00
-2.77354800973114633e-102 0.00000000000000000e+00
5.51709646871661956e-102 0.00000000000000000e+00
-5.51709646871661956e-102 0.00000000000000000e+00
2.54683492577578226e-85 0.00000000000000000e+00
-2.54683492577578226e-85 0.00000000000000000e+00
7.12263180176224719e-102 0.00000000000000000e+00
-7.12263180176224719e-102 0.00000000000000000e+00
1.60162500647632333e-85 0.00000000000000000e+00
-1.60162500647632333e-85 0.00000000000000000e+00
-1.71754140753265112e-85 0.00000000000000000e+00
1.71754140753265112e-85 0.00000000000000000e+00
-1.17438188774597265e-68 0.00000000000000000e+00
1.17438188774597265e-68 0.00000000000000000e+00
-4.28879259061340890e-104 0.00000000000000000e+00
4.28879259061340890e-104 0.00000000000000000e+00
3.37610276909560514e-87 0.00000000000000000e+00
-3.37610276909560514e-87 0.00000000000000000e+00
2.40558564549550739e-85 0.00000000000000000e+00
-2.40558564549550739e-85 0.00000000000000000e+00
-8.86143911541599421e-69 0.00000000000000000e+00
8.86143911541599421e-69 0.00000000000000000e+00
-3.75388626466460586e-85 0.00000000000000000e+00
3.75388626466460586e-85 0.00000000000000000e+00
9.98420769689019042e-69 0.00000000000000000e+00
-9.98420769689019042e-69 0.00000000000000000e+00
6.50259581710834287e-69 0.00000000000000000e+00
-6.50259581710834287e-69 0.00000000000000000e+00
6.04378616691749501e-52 0.00000000000000000e+00
-6.04378616691749501e-52 0.00000000000000000e+00
-6.12153094787656866e-119 0.00000000000000000e+00
6.12153094787656866e-119 0.00000000000000000e+00
-6.11310915203756344e-102 0.00000000000000000e+00
6.11310915203756344e-102 0.00000000000000000e+00
2.46128887364614405e-102 0.00000000000000000e+00
-2.46128887364614405e-102 0.00000000000000000e+00
-2.02356774719444033e-85 0.00000000000000000e+00
2.02356774719444033e-85 0.00000000000000000e+00
6.03410484220969545e-103 0.00000000000000000e+00
-6.03410484220969545e-103 0.00000000000000000e+00
4.06347660059411929e-86 0.00000000000000000e+00
-4.06347660059411929e-86 0.00000000000000000e+00
-5.15883035787530570e-86 0.00000000000000000e+00
5.15883035787530570e-86 0.00000000000000000e+00
-5.93008936058537990e-69 0.00000000000000000e+00
5.93008936058537990e-69 0.00000000000000000e+00
-3.19936041204926168e-102 0.00000000000000000e+00
3.19936041204926168e-102 0.00000000000000000e+00
-7.60497040874841167e-86 0.00000000000000000e+00
7.60497040874841167e-86 0.00000000000000000e+00
3.28456487643266062e-86 0.00000000000000000e+00
-3.28456487643266062e-86 0.00000000000000000e+00
2.41591678959753444e-69 0.00000000000000000e+00
-2.41591678959753444e-69 0.00000000000000000e+00
5.09117989776171770e-87 0.00000000000000000e+00
-5.09117989776171770e-87 0.00000000000000000e+00
-2.08908062745429409e-69 0.00000000000000000e+00
2.08908062745429409e-69 0.00000000000000000e+00
-1.42509194353354983e-69 0.00000000000000000e+00
1.42509194353354983e-69 0.00000000000000000e+00
-1.44241632595268386e-52 0.00000000000000000e+00
1.44241632595268386e-52 0.00000000000000000e+00
-2.56099839098126662e-104 0.00000000000000000e+00
2.56099839098126662e-104 0.00000000000000000e+00
6.74928973723307679e-88 0.00000000000000000e+00
-6.74928973723307679e-88 0.00000000000000000e+00
5.05054529354798851e-87 0.00000000000000000e+00
-5.05054529354798851e-87 0.00000000000000000e+00
1.51621721676084660e-69 0.00000000000000000e+00
-1.51621721676084660e-69 0.00000000000000000e+00
-4.93103301756957605e-87 0.00000000000000000e+00
4.93103301756957605e-87 0.00000000000000000e+00
-2.88503194921570044e-70 0.00000000000000000e+00
2.88503194921570044e-70 0.00000000000000000e+00
1.58215555863976150e-70 0.00000000000000000e+00
-1.58215555863976150e-70 0.00000000000000000e+00
5.08309207155582479e-53 0.00000000000000000e+00
-5.08309207155582479e-53 0.00000000000000000e+00
-6.41152919590196833e-86 0.00000000000000000e+00
6.41152919590196833e-86 0.00000000000000000e+00
-8.86791278517289929e-69 0.00000000000000000e+00
8.86791278517289929e-69 0.00000000000000000e+00
8.06130830216331912e-69 0.00000000000000000e+00
-8.06130830216331912e-69 0.00000000000000000e+00
4.09306063380922719e-52 0.00000000000000000e+00
-4.09306063380922719e-52 0.00000000000000000e+00
-9.83415302541224085e-69 0.00000000000000000e+00
9.83415302541224085e-69 0.00000000000000000e+00
-5.02716775260633228e-52 0.00000000000000000e+00
5.02716775260633228e-52 0.00000000000000000e+00
-3.73528595688985965e-52 0.00000000000000000e+00
3.73528595688985965e-52 0.00000000000000000e+00
2.02650405645580677e-35 0.00000000000000000e+00
-2.02650405645580677e-35 0.00000000000000000e+00
-1.22054060834429343e-119 0.00000000000000000e+00
1.22054060834429343e-119 0.00000000000000000e+00
-4.84769595710242291e-103 0.00000000000000000e+00
4.84769595710242291e-103 0.00000000000000000e+00
-2.03448154489227803e-103 0.00000000000000000e+00
2.03448154489227803e-103 0.00000000000000000e+00
1.23822413316273258e-86 0.00000000000000000e+00
-1.23822413316273258e-86 0.00000000000000000e+00
2.88279426036164995e-104 0.00000000000000000e+00
-2.88279426036164995e-104 0.00000000000000000e+00
-1.07764352462543227e-87 0.00000000000000000e+00
1.07764352462543227e-87 0.00000000000000000e+00
2.95921188533414120e-87 0.00000000000000000e+00
-2.95921188533414120e-87 0.00000000000000000e+00
3.84132633650170992e-70 0.00000000000000000e+00
-3.84132633650170992e-70 0.00000000000000000e+00
-1.41057282743044534e-103 0.00000000000000000e+00
1.41057282743044534e-103 0.00000000000000000e+00
-1.87187276489108183e-86 0.00000000000000000e+00
1.87187276489108183e-86 0.00000000000000000e+00
-7.97824514492292552e-87 0.00000000000000000e+00
7.97824514492292552e-87 0.00000000000000000e+00
4.24670104432765381e-70 0.00000000000000000e+00
-4.24670104432765381e-70 0.00000000000000000e+00
-1.00239882421687708e-88 0.00000000000000000e+00
1.00239882421687708e-88 0.00000000000000000e+00
-2.94868196798263912e-70 0.00000000000000000e+00
2.94868196798263912e-70 0.00000000000000000e+00
-5.54559872086200799e-71 0.00000000000000000e+00
5.54559872086200799e-71 0.00000000000000000e+00
-1.70268625718584986e-53 0.00000000000000000e+00
1.70268625718584986e-53 0.00000000000000000e+00
2.38980853328774540e-104 0.00000000000000000e+00
-2.38980853328774540e-104 0.00000000000000000e+00
9.21631498142353062e-88 0.00000000000000000e+00
-9.21631498142353062e-88 0.00000000000000000e+00
6.87352623620064027e-87 0.00000000000000000e+00
-6.87352623620064027e-87 0.00000000000000000e+00
-6.37885760161342199e-70 0.00000000000000000e+00
6.37885760161342199e-70 0.00000000000000000e+00
-6.27158825273366031e-86 0.00000000000000000e+00
6.27158825273366031e-86 0.00000000000000000e+00
1.29015219902450064e-69 0.00000000000000000e+00
-1.29015219902450064e-69 0.00000000000000000e+00
7.20115900735528511e-70 0.00000000000000000e+00
-7.20115900735528511e-70 0.00000000000000000e+00
-2.96244246502866703e-53 0.00000000000000000e+00
2.96244246502866703e-53 0.00000000000000000e+00
-8.17463277149675009e-86 0.00000000000000000e+00
8.17463277149675009e-86 0.00000000000000000e+00
-3.62882924995912208e-69 0.00000000000000000e+00
3.62882924995912208e-69 0.00000000000000000e+00
-4.15849136668194335e-69 0.00000000000000000e+00
4.15849136668194335e-69 0.00000000000000000e+00
1.21360061422189250e-52 0.00000000000000000e+00
-1.21360061422189250e-52 0.00000000000000000e+00
-1.15722447652497248e-69 0.00000000000000000e+00
1.15722447652497248e-69 0.00000000000000000e+00
-1.68011348644334535e-52 0.00000000000000000e+00
1.68011348644334535e-52 0.00000000000000000e+00
-7.43486033452878841e-53 0.00000000000000000e+00
7.43486033452878841e-53 0.00000000000000000e+00
4.80344790677786555e-36 0.00000000000000000e+00
-4.80344790677786555e-36 0.00000000000000000e+00
-3.84525824014819856e-102 0.00000000000000000e+00
3.84525824014819856e-102 0.00000000000000000e+00
1.41104355445978604e-85 0.00000000000000000e+00
-1.41104355445978604e-85 0.00000000000000000e+00
4.62594545444269141e-85 0.00000000000000000e+00
-4.62594545444269141e-85 0.00000000000000000e+00
3.00359516779044550e-68 0.00000000000000000e+00
-3.00359516779044550e-68 0.00000000000000000e+00
2.35009796294311483e-86 0.00000000000000000e+00
-2.35009796294311483e-86 0.00000000000000000e+00
-1.55581488859910248e-69 0.00000000000000000e+00
1.55581488859910248e-69 0.00000000000000000e+00
-6.92118187144218092e-70 0.00000000000000000e+00
6.92118187144218092e-70 0.00000000000000000e+00
-8.62166458962455908e-52 0.00000000000000000e+00
8.62166458962455908e-52 0.00000000000000000e+00
-9.93398129109043494e-86 0.00000000000000000e+00
9.93398129109043494e-86 0.00000000000000000e+00
4.06919375671946708e-69 0.00000000000000000e+00
-4.06919375671946708e-69 0.00000000000000000e+00
4.37858472785477183e-69 0.00000000000000000e+00
-4.37858472785477183e-69 0.00000000000000000e+00
9.32101758831764101e-52 0.00000000000000000e+00
-9.32101758831764101e-52 0.00000000000000000e+00
-7.29308133809002730e-68 0.00000000000000000e+00
7.29308133809002730e-68 0.00000000000000000e+00
1.35202432494230940e-51 0.00000000000000000e+00
-1.35202432494230940e-51 0.00000000000000000e+00
-1.28208902507300047e-51 0.00000000000000000e+00
1.28208902507300047e-51 0.00000000000000000e+00
-5.95095897500073840e-35 0.00000000000000000e+00
5.95095897500073840e-35 0.00000000000000000e+00
-3.33954176498294771e-85 0.00000000000000000e+00
3.33954176498294771e-85 0.00000000000000000e+00
-4.64884019927775403e-68 0.00000000000000000e+00
4.64884019927775403e-68 0.00000000000000000e+00
-1.76131315384341019e-68 0.00000000000000000e+00
1.76131315384341019e-68 0.00000000000000000e+00
9.50542702086463680e-52 0.00000000000000000e+00
-9.50542702086463680e-52 0.00000000000000000e+00
2.18283099254023716e-68 0.00000000000000000e+00
-2.18283099254023716e-68 0.00000000000000000e+00
-1.01231822118452489e-51 0.00000000000000000e+00
1.01231822118452489e-51 0.00000000000000000e+00
-2.18079593419317076e-51 0.00000000000000000e+00
2.18079593419317076e-51 0.00000000000000000e+00
8.45780782213433587e-35 0.00000000000000000e+00
-8.45780782213433587e-35 0.00000000000000000e+00
-6.40708686237478282e-68 0.00000000000000000e+00
6.40708686237478282e-68 0.00000000000000000e+00
1.45114856742792025e-51 0.00000000000000000e+00
-1.45114856742792025e-51 0.00000000000000000e+00
-2.07079333892105789e-51 0.00000000000000000e+00
2.07079333892105789e-51 0.00000000000000000e+00
5.33087743741509955e-35 0.00000000000000000e+00
-5.33087743741509955e-35 0.00000000000000000e+00
-1.12346523373519081e-51 0.00000000000000000e+00
1.12346523373519081e-51 0.00000000000000000e+00
-2.82402859028149566e-35 0.00000000000000000e+00
2.82402859028149566e-35 0.00000000000000000e+00
-2.64658559404144776e-35 0.00000000000000000e+00
2.64658559404144776e-35 0.00000000000000000e+00
-2.78957588662852600e-18 0.00000000000000000e+00
2.78957588662852600e-18 0.00000000000000000e+00
5.06937229085864125e-136 0.00000000000000000e+00
-5.06937229085864125e-136 0.00000000000000000e+00
1.62889208532146572e-119 0.00000000000000000e+00
-1.62889208532146572e-119 0.00000000000000000e+00
4.25600718098626230e-120 0.00000000000000000e+00
-4.25600718098626230e-120 0.00000000000000000e+00
7.90898901993159054e-103 0.00000000000000000e+00
-7.90898901993159054e-103 0.00000000000000000e+00
-1.54393931976229200e-119 0.00000000000000000e+00
1.54393931976229200e-119 0.00000000000000000e+00
-5.28221070441144136e-103 0.00000000000000000e+00
5.28221070441144136e-103 0.00000000000000000e+00
-3.39376679920505545e-102 0.00000000000000000e+00
3.39376679920505545e-102 0.00000000000000000e+00
1.16922943864377695e-85 0.00000000000000000e+00
-1.16922943864377695e-85 0.00000000000000000e+00
3.34345154640373658e-119 0.00000000000000000e+00
-3.34345154640373658e-119 0.00000000000000000e+00
2.21135222353374535e-102 0.00000000000000000e+00
-2.21135222353374535e-102 0.00000000000000000e+00
-1.18438960167914398e-102 0.00000000000000000e+00
1.18438960167914398e-102 0.00000000000000000e+00
9.21661248724181958e-86 0.00000000000000000e+00
-9.21661248724181958e-86 0.00000000000000000e+00
1.59106689009263489e-102 0.00000000000000000e+00
-1.59106689009263489e-102 0.00000000000000000e+00
-3.38455272763131875e-86 0.00000000000000000e+00
3.38455272763131875e-86 0.00000000000000000e+00
-1.44432834602926334e-86 0.00000000000000000e+00
1.44432834602926334e-86 0.00000000000000000e+00
-3.44797172030241968e-69 0.00000000000000000e+00
3.44797172030241968e-69 0.00000000000000000e+00
-7.39280742436205602e-121 0.00000000000000000e+00
7.39280742436205602e-121 0.00000000000000000e+00
8.51853424428027062e-104 0.00000000000000000e+00
-8.51853424428027062e-104 0.00000000000000000e+00
3.41038789667143127e-104 0.00000000000000000e+00
-3.41038789667143127e-104 0.00000000000000000e+00
-8.72712420469935345e-87 0.00000000000000000e+00
8.72712420469935345e-87 0.00000000000000000e+00
1.14130402823790901e-102 0.00000000000000000e+00
-1.14130402823790901e-102 0.00000000000000000e+00
3.41623915117066313e-86 0.00000000000000000e+00
-3.41623915117066313e-86 0.00000000000000000e+00
-8.41113597750448538e-86 0.00000000000000000e+00
8.41113597750448538e-86 0.00000000000000000e+00
2.33983303622006712e-69 0.00000000000000000e+00
-2.33983303622006712e-69 0.00000000000000000e+00
-1.68344080000245744e-103 0.00000000000000000e+00
1.68344080000245744e-103 0.00000000000000000e+00
4.63113669644757384e-86 0.00000000000000000e+00
-4.63113669644757384e-86 0.00000000000000000e+00
8.86689323378737908e-88 0.00000000000000000e+00
-8.86689323378737908e-88 0.00000000000000000e+00
1.98403492328506135e-69 0.00000000000000000e+00
-1.98403492328506135e-69 0.00000000000000000e+00
-1.08586973917091491e-85 0.00000000000000000e+00
1.08586973917091491e-85 0.00000000000000000e+00
-3.09217360736741211e-69 0.00000000000000000e+00
3.09217360736741211e-69 0.00000000000000000e+00
-1.85697380984602317e-69 0.00000000000000000e+00
1.85697380984602317e-69 0.00000000000000000e+00
-1.60428390418738809e-52 0.00000000000000000e+00
1.60428390418738809e-52 0.00000000000000000e+00
-3.98343144854915396e-120 0.00000000000000000e+00
3.98343144854915396e-120 0.00000000000000000e+00
-3.44967152920564605e-103 0.00000000000000000e+00
3.44967152920564605e-103 0.00000000000000000e+00
-1.99827750480096323e-103 0.00000000000000000e+00
1.99827750480096323e-103 0.00000000000000000e+00
-2.62908316247580053e-86 0.00000000000000000e+00
2.62908316247580053e-86 0.00000000000000000e+00
3.31068391493316749e-105 0.00000000000000000e+00
-3.31068391493316749e-105 0.00000000000000000e+00
1.96084430640710312e-88 0.00000000000000000e+00
-1.96084430640710312e-88 0.00000000000000000e+00
3.61520458419700306e-88 0.00000000000000000e+00
-3.61520458419700306e-88 0.00000000000000000e+00
7.32106328624680303e-70 0.00000000000000000e+00
-7.32106328624680303e-70 0.00000000000000000e+00
2.25537420808415424e-103 0.00000000000000000e+00
-2.25537420808415424e-103 0.00000000000000000e+00
-1.39985162517452986e-86 0.00000000000000000e+00
1.39985162517452986e-86 0.00000000000000000e+00
-7.05664381064640268e-88 0.00000000000000000e+00
7.05664381064640268e-88 0.00000000000000000e+00
-5.28773858587805023e-70 0.00000000000000000e+00
5.28773858587805023e-70 0.00000000000000000e+00
1.44198082891201123e-87 0.00000000000000000e+00
-1.44198082891201123e-87 0.00000000000000000e+00
5.31054981762454956e-71 0.00000000000000000e+00
-5.31054981762454956e-71 0.00000000000000000e+00
1.50226971860630300e-70 0.00000000000000000e+00
-1.50226971860630300e-70 0.00000000000000000e+00
-2.38566691179117601e-53 0.00000000000000000e+00
2.38566691179117601e-53 0.00000000000000000e+00
2.06576932305158363e-103 0.00000000000000000e+00
-2.06576932305158363e-103 0.00000000000000000e+00
-4.82035234414796678e-87 0.00000000000000000e+00
4.82035234414796678e-87 0.00000000000000000e+00
2.01936776379449534e-87 0.00000000000000000e+00
-2.01936776379449534e-87 0.00000000000000000e+00
1.49858535329602090e-70 0.00000000000000000e+00
-1.49858535329602090e-70 0.00000000000000000e+00
-1.08582523103089383e-87 0.00000000000000000e+00
1.08582523103089383e-87 0.00000000000000000e+00
-3.00727341645092329e-70 0.00000000000000000e+00
3.00727341645092329e-70 0.00000000000000000e+00
1.11011071861237329e-69 0.00000000000000000e+00
-1.11011071861237329e-69 0.00000000000000000e+00
3.52802743487381900e-53 0.00000000000000000e+00
-3.52802743487381900e-53 0.00000000000000000e+00
-5.60749308030023759e-86 0.00000000000000000e+00
5.60749308030023759e-86 0.00000000000000000e+00
1.63690348620900720e-69 0.00000000000000000e+00
-1.63690348620900720e-69 0.00000000000000000e+00
-7.56678994177565594e-70 0.00000000000000000e+00
7.56678994177565594e-70 0.00000000000000000e+00
1.14530254876136016e-52 0.00000000000000000e+00
-1.14530254876136016e-52 0.00000000000000000e+00
1.94877366314561397e-69 0.00000000000000000e+00
-1.94877366314561397e-69 0.00000000000000000e+00
-1.03106649645309665e-52 0.00000000000000000e+00
1.03106649645309665e-52 0.00000000000000000e+00
-8.11784098913411549e-53 0.00000000000000000e+00
8.11784098913411549e-53 0.00000000000000000e+00
5.45854246974733986e-36 0.00000000000000000e+00
-5.45854246974733986e-36 0.00000000000000000e+00
3.31372104866367360e-119 0.00000000000000000e+00
-3.31372104866367360e-119 0.00000000000000000e+00
1.32913313178359470e-102 0.00000000000000000e+00
-1.32913313178359470e-102 0.00000000000000000e+00
-1.96932169037174065e-102 0.00000000000000000e+00
1.96932169037174065e-102 0.00000000000000000e+00
-1.68385061953773978e-85 0.00000000000000000e+00
1.68385061953773978e-85 0.00000000000000000e+00
4.45235694637531779e-103 0.00000000000000000e+00
-4.45235694637531779e-103 0.00000000000000000e+00
-2.33129642214312049e-86 0.00000000000000000e+00
2.33129642214312049e-86 0.00000000000000000e+00
-1.76165908130830098e-86 0.00000000000000000e+00
1.76165908130830098e-86 0.00000000000000000e+00
-6.26822388359876493e-69 0.00000000000000000e+00
6.26822388359876493e-69 0.00000000000000000e+00
-6.29329947830653894e-103 0.00000000000000000e+00
6.29329947830653894e-103 0.00000000000000000e+00
3.33315519906907846e-86 0.00000000000000000e+00
-3.33315519906907846e-86 0.00000000000000000e+00
-2.81656767471430760e-86 0.00000000000000000e+00
2.81656767471430760e-86 0.00000000000000000e+00
1.50990484557253650e-69 0.00000000000000000e+00
-1.50990484557253650e-69 0.00000000000000000e+00
3.13346374710102574e-86 0.00000000000000000e+00
-3.13346374710102574e-86 0.00000000000000000e+00
4.59578940357619353e-69 0.00000000000000000e+00
-4.59578940357619353e-69 0.00000000000000000e+00
-9.35410844160242918e-69 0.00000000000000000e+00
9.35410844160242918e-69 0.00000000000000000e+00
3.64730057984182923e-52 0.00000000000000000e+00
-3.64730057984182923e-52 0.00000000000000000e+00
3.85423546382916818e-103 0.00000000000000000e+00
-3.85423546382916818e-103 0.00000000000000000e+00
1.47958938011214457e-86 0.00000000000000000e+00
-1.47958938011214457e-86 0.00000000000000000e+00
2.23738803965800233e-86 0.00000000000000000e+00
-2.23738803965800233e-86 0.00000000000000000e+00
1.20323445357411808e-68 0.00000000000000000e+00
-1.20323445357411808e-68 0.00000000000000000e+00
-8.61769871619979277e-86 0.00000000000000000e+00
8.61769871619979277e-86 0.00000000000000000e+00
1.50290732007792923e-68 0.00000000000000000e+00
-1.50290732007792923e-68 0.00000000000000000e+00
-9.69568203860874852e-69 0.00000000000000000e+00
9.69568203860874852e-69 0.00000000000000000e+00
8.96970945571285483e-52 0.00000000000000000e+00
-8.96970945571285483e-52 0.00000000000000000e+00
8.22916283844939528e-85 0.00000000000000000e+00
-8.22916283844939528e-85 0.00000000000000000e+00
-2.07449784049479942e-68 0.00000000000000000e+00
2.07449784049479942e-68 0.00000000000000000e+00
5.15638701500870564e-69 0.00000000000000000e+00
-5.15638701500870564e-69 0.00000000000000000e+00
-1.84946072592058150e-51 0.00000000000000000e+00
1.84946072592058150e-51 0.00000000000000000e+00
1.31617948518182074e-67 0.00000000000000000e+00
-1.31617948518182074e-67 0.00000000000000000e+00
3.11116172947605153e-51 0.00000000000000000e+00
-3.11116172947605153e-51 0.00000000000000000e+00
1.28187791035905309e-51 0.00000000000000000e+00
-1.28187791035905309e-51 0.00000000000000000e+00
-7.10427167659070557e-35 0.00000000000000000e+00
7.10427167659070557e-35 0.00000000000000000e+00
-1.06791603357912410e-101 0.00000000000000000e+00
1.06791603357912410e-101 0.00000000000000000e+00
3.41672033745890578e-85 0.00000000000000000e+00
-3.41672033745890578e-85 0.00000000000000000e+00
9.37201564079639150e-86 0.00000000000000000e+00
-9.37201564079639150e-86 0.00000000000000000e+00
2.81374236487054046e-68 0.00000000000000000e+00
-2.81374236487054046e-68 0.00000000000000000e+00
-3.84953279813385624e-84 0.00000000000000000e+00
3.84953279813385624e-84 0.00000000000000000e+00
-1.87003261389403678e-67 0.00000000000000000e+00
1.87003261389403678e-67 0.00000000000000000e+00
2.73961982569094839e-67 0.00000000000000000e+00
-2.73961982569094839e-67 0.00000000000000000e+00
7.67538417687604715e-51 0.00000000000000000e+00
-7.67538417687604715e-51 0.00000000000000000e+00
-9.38196083745428231e-85 0.00000000000000000e+00
9.38196083745428231e-85 0.00000000000000000e+00
-3.46874691840376048e-68 0.00000000000000000e+00
3.46874691840376048e-68 0.00000000000000000e+00
8.69764318575387879e-68 0.00000000000000000e+00
-8.69764318575387879e-68 0.00000000000000000e+00
7.28430346475485652e-51 0.00000000000000000e+00
-7.28430346475485652e-51 0.00000000000000000e+00
9.46127793432500721e-68 0.00000000000000000e+00
-9.46127793432500721e-68 0.00000000000000000e+00
-4.84997036824248349e-51 0.00000000000000000e+00
4.84997036824248349e-51 0.00000000000000000e+00
-1.57245967086420175e-51 0.00000000000000000e+00
1.57245967086420175e-51 0.00000000000000000e+00
-3.13639978788514430e-34 0.00000000000000000e+00
3.13639978788514430e-34 0.00000000000000000e+00
5.05292302513752352e-85 0.00000000000000000e+00
-5.05292302513752352e-85 0.00000000000000000e+00
-3.63900730711137689e-68 0.00000000000000000e+00
3.63900730711137689e-68 0.00000000000000000e+00
2.65165338582196062e-68 0.00000000000000000e+00
-2.65165338582196062e-68 0.00000000000000000e+00
1.56224360652527280e-51 0.00000000000000000e+00
-1.56224360652527280e-51 0.00000000000000000e+00
-1.34082966870877202e-67 0.00000000000000000e+00
1.34082966870877202e-67 0.00000000000000000e+00
5.30875062259340525e-51 0.00000000000000000e+00
-5.30875062259340525e-51 0.00000000000000000e+00
-4.70043366603399637e-51 0.00000000000000000e+00
4.70043366603399637e-51 0.00000000000000000e+00
2.48055804492354922e-34 0.00000000000000000e+00
-2.48055804492354922e-34 0.00000000000000000e+00
-5.15533655029095811e-68 0.00000000000000000e+00
5.15533655029095811e-68 0.00000000000000000e+00
1.80920387425922492e-51 0.00000000000000000e+00
-1.80920387425922492e-51 0.00000000000000000e+00
-2.98895358446901614e-52 0.00000000000000000e+00
2.98895358446901614e-52 0.00000000000000000e+00
1.37633477708119024e-34 0.00000000000000000e+00
-1.37633477708119024e-34 0.00000000000000000e+00
-6.73378813676134605e-51 0.00000000000000000e+00
6.73378813676134605e-51 0.00000000000000000e+00
-2.03217652004278382e-34 0.00000000000000000e+00
2.03217652004278382e-34 0.00000000000000000e+00
-1.81465043550142868e-34 0.00000000000000000e+00
1.81465043550142868e-34 0.00000000000000000e+00
-1.30292111523092045e-17 0.00000000000000000e+00
1.30292111523092045e-17 0.00000000000000000e+00
9.44334516625590645e-119 0.00000000000000000e+00
-9.44334516625590645e-119 0.00000000000000000e+00
2.78660468296277121e-102 0.00000000000000000e+00
-2.78660468296277121e-102 0.00000000000000000e+00
3.51628484954011689e-103 0.00000000000000000e+00
-3.51628484954011689e-103 0.00000000000000000e+00
1.15981612035014871e-85 0.00000000000000000e+00
-1.15981612035014871e-85 0.00000000000000000e+00
-1.18153308033679049e-101 0.00000000000000000e+00
1.18153308033679049e-101 0.00000000000000000e+00
-4.70365162240135790e-85 0.00000000000000000e+00
4.70365162240135790e-85 0.00000000000000000e+00
7.19055496597778916e-85 0.00000000000000000e+00
-7.19055496597778916e-85 0.00000000000000000e+00
-2.04208576164426371e-68 0.00000000000000000e+00
2.04208576164426371e-68 0.00000000000000000e+00
-2.36142668852793397e-101 0.00000000000000000e+00
2.36142668852793397e-101 0.00000000000000000e+00
-5.42917478488835622e-85 0.00000000000000000e+00
5.42917478488835622e-85 0.00000000000000000e+00
-8.96002271391668099e-85 0.00000000000000000e+00
8.96002271391668099e-85 0.00000000000000000e+00
-6.26835099038750313e-68 0.00000000000000000e+00
6.26835099038750313e-68 0.00000000000000000e+00
-2.41643722689486568e-83 0.00000000000000000e+00
2.41643722689486568e-83 0.00000000000000000e+00
6.74875992762754725e-67 0.00000000000000000e+00
-6.74875992762754725e-67 0.00000000000000000e+00
-7.57980360283072876e-67 0.00000000000000000e+00
7.57980360283072876e-67 0.00000000000000000e+00
2.58404693996213175e-50 0.00000000000000000e+00
-2.58404693996213175e-50 0.00000000000000000e+00
-1.78327950013167810e-100 0.00000000000000000e+00
1.78327950013167810e-100 0.00000000000000000e+00
1.36971815581420228e-83 0.00000000000000000e+00
-1.36971815581420228e-83 0.00000000000000000e+00
2.70902926095589524e-84 0.00000000000000000e+00
-2.70902926095589524e-84 0.00000000000000000e+00
-5.58171226653019497e-67 0.00000000000000000e+00
5.58171226653019497e-67 0.00000000000000000e+00
-3.85469852927884553e-84 0.00000000000000000e+00
3.85469852927884553e-84 0.00000000000000000e+00
1.32228905421110354e-67 0.00000000000000000e+00
-1.32228905421110354e-67 0.00000000000000000e+00
-2.10522801463420728e-67 0.00000000000000000e+00
2.10522801463420728e-67 0.00000000000000000e+00
-1.42721186544022293e-50 0.00000000000000000e+00
1.42721186544022293e-50 0.00000000000000000e+00
4.21662988794165431e-85 0.00000000000000000e+00
-4.21662988794165431e-85 0.00000000000000000e+00
-9.51901432444602801e-69 0.00000000000000000e+00
9.51901432444602801e-69 0.00000000000000000e+00
5.34805830022895521e-69 0.00000000000000000e+00
-5.34805830022895521e-69 0.00000000000000000e+00
7.89760309384250113e-52 0.00000000000000000e+00
-7.89760309384250113e-52 0.00000000000000000e+00
-9.76489539321206201e-68 0.00000000000000000e+00
9.76489539321206201e-68 0.00000000000000000e+00
1.07785904358348320e-50 0.00000000000000000e+00
-1.07785904358348320e-50 0.00000000000000000e+00
-2.42609487808528288e-50 0.00000000000000000e+00
2.42609487808528288e-50 0.00000000000000000e+00
8.12692275583477505e-34 0.00000000000000000e+00
-8.12692275583477505e-34 0.00000000000000000e+00
-1.29135639018007394e-100 0.00000000000000000e+00
1.29135639018007394e-100 0.00000000000000000e+00
-8.34358856413217064e-84 0.00000000000000000e+00
8.34358856413217064e-84 0.00000000000000000e+00
-4.71716544733740877e-84 0.00000000000000000e+00
4.71716544733740877e-84 0.00000000000000000e+00
-5.18945527070417184e-67 0.00000000000000000e+00
5.18945527070417184e-67 0.00000000000000000e+00
7.35528790150262621e-84 0.00000000000000000e+00
-7.35528790150262621e-84 0.00000000000000000e+00
5.18951012827969973e-67 0.00000000000000000e+00
-5.18951012827969973e-67 0.00000000000000000e+00
-2.72964092296384056e-68 0.00000000000000000e+00
2.72964092296384056e-68 0.00000000000000000e+00
1.89348970191567955e-50 0.00000000000000000e+00
-1.89348970191567955e-50 0.00000000000000000e+00
4.72804740822310707e-84 0.00000000000000000e+00
-4.72804740822310707e-84 0.00000000000000000e+00
-2.31318847061053097e-67 0.00000000000000000e+00
2.31318847061053097e-67 0.00000000000000000e+00
5.28544640567123541e-67 0.00000000000000000e+00
-5.28544640567123541e-67 0.00000000000000000e+00
1.67417073119316506e-50 0.00000000000000000e+00
-1.67417073119316506e-50 0.00000000000000000e+00
2.07478168428660413e-67 0.00000000000000000e+00
-2.07478168428660413e-67 0.00000000000000000e+00
-6.11581207108026344e-51 0.00000000000000000e+00
6.11581207108026344e-51 0.00000000000000000e+00
-9.71818959306465062e-52 0.00000000000000000e+00
9.71818959306465062e-52 0.00000000000000000e+00
-5.62337444768153738e-34 0.00000000000000000e+00
5.62337444768153738e-34 0.00000000000000000e+00
-2.26088463479364534e-84 0.00000000000000000e+00
2.26088463479364534e-84 0.00000000000000000e+00
9.22789371979859763e-68 0.00000000000000000e+00
-9.22789371979859763e-68 0.00000000000000000e+00
-5.77310635075469138e-68 0.00000000000000000e+00
5.77310635075469138e-68 0.00000000000000000e+00
2.06332462180155029e-51 0.00000000000000000e+00
-2.06332462180155029e-51 0.00000000000000000e+00
-2.44178963206104198e-69 0.00000000000000000e+00
2.44178963206104198e-69 0.00000000000000000e+00
-1.71356032770887638e-51 0.00000000000000000e+00
1.71356032770887638e-51 0.00000000000000000e+00
-4.19935265075771919e-51 0.00000000000000000e+00
4.19935265075771919e-51 0.00000000000000000e+00
1.74495233066953721e-34 0.00000000000000000e+00
-1.74495233066953721e-34 0.00000000000000000e+00
1.13566663015554224e-68 0.00000000000000000e+00
-1.13566663015554224e-68 0.00000000000000000e+00
4.28376808033788808e-52 0.00000000000000000e+00
-4.28376808033788808e-52 0.00000000000000000e+00
9.51135055581251948e-52 0.00000000000000000e+00
-9.51135055581251948e-52 0.00000000000000000e+00
7.58595977483698118e-35 0.00000000000000000e+00
-7.58595977483698118e-35 0.00000000000000000e+00
-3.31702475280629694e-52 0.00000000000000000e+00
3.31702475280629694e-52 0.00000000000000000e+00
-4.63701809449570321e-34 0.00000000000000000e+00
4.63701809449570321e-34 0.00000000000000000e+00
7.14056640264893661e-34 0.00000000000000000e+00
-7.14056640264893661e-34 0.00000000000000000e+00
2.02038958163024165e-17 0.00000000000000000e+00
-2.02038958163024165e-17 0.00000000000000000e+00
2.36595028795997245e-103 0.00000000000000000e+00
-2.36595028795997245e-103 0.00000000000000000e+00
-2.66244319688042986e-86 0.00000000000000000e+00
2.66244319688042986e-86 0.00000000000000000e+00
-6.50005481428602853e-86 0.00000000000000000e+00
6.50005481428602853e-86 0.00000000000000000e+00
2.21925812521038841e-68 0.00000000000000000e+00
-2.21925812521038841e-68 0.00000000000000000e+00
4.47674149053143165e-85 0.00000000000000000e+00
-4.47674149053143165e-85 0.00000000000000000e+00
-1.19349585860193971e-68 0.00000000000000000e+00
1.19349585860193971e-68 0.00000000000000000e+00
-6.47195250452958371e-68 0.00000000000000000e+00
6.47195250452958371e-68 0.00000000000000000e+00
2.48256210276247886e-51 0.00000000000000000e+00
-2.48256210276247886e-51 0.00000000000000000e+00
7.51020486851588078e-85 0.00000000000000000e+00
-7.51020486851588078e-85 0.00000000000000000e+00
3.74185766876184289e-68 0.00000000000000000e+00
-3.74185766876184289e-68 0.00000000000000000e+00
-1.91662082390963687e-68 0.00000000000000000e+00
1.91662082390963687e-68 0.00000000000000000e+00
1.04269918409137185e-51 0.00000000000000000e+00
-1.04269918409137185e-51 0.00000000000000000e+00
1.71935866886578414e-69 0.00000000000000000e+00
-1.71935866886578414e-69 0.00000000000000000e+00
-6.48776533517153580e-52 0.00000000000000000e+00
6.48776533517153580e-52 0.00000000000000000e+00
-1.17149159981339271e-51 0.00000000000000000e+00
1.17149159981339271e-51 0.00000000000000000e+00
-8.08314026659450082e-35 0.00000000000000000e+00
8.08314026659450082e-35 0.00000000000000000e+00
-7.03606570716869570e-86 0.00000000000000000e+00
7.03606570716869570e-86 0.00000000000000000e+00
2.71389217467411819e-68 0.00000000000000000e+00
-2.71389217467411819e-68 0.00000000000000000e+00
6.81841626188337299e-68 0.00000000000000000e+00
-6.81841626188337299e-68 0.00000000000000000e+00
-2.27197714388089482e-51 0.00000000000000000e+00
2.27197714388089482e-51 0.00000000000000000e+00
5.48001897215154604e-68 0.00000000000000000e+00
-5.48001897215154604e-68 0.00000000000000000e+00
3.11409063691828964e-51 0.00000000000000000e+00
-3.11409063691828964e-51 0.00000000000000000e+00
-5.77863599761306447e-53 0.00000000000000000e+00
5.77863599761306447e-53 0.00000000000000000e+00
9.47740984353676710e-35 0.00000000000000000e+00
-9.47740984353676710e-35 0.00000000000000000e+00
-1.92854116270829637e-70 0.00000000000000000e+00
1.92854116270829637e-70 0.00000000000000000e+00
-7.93386591123676235e-54 0.00000000000000000e+00
7.93386591123676235e-54 0.00000000000000000e+00
-2.22633095565714309e-54 0.00000000000000000e+00
2.22633095565714309e-54 0.00000000000000000e+00
-1.05677235137955794e-36 0.00000000000000000e+00
1.05677235137955794e-36 0.00000000000000000e+00
1.01409179076031877e-52 0.00000000000000000e+00
-1.01409179076031877e-52 0.00000000000000000e+00
1.49994681208021712e-35 0.00000000000000000e+00
-1.49994681208021712e-35 0.00000000000000000e+00
7.87178579631859167e-35 0.00000000000000000e+00
-7.87178579631859167e-35 0.00000000000000000e+00
3.22962861185425762e-18 0.00000000000000000e+00
-3.22962861185425762e-18 0.00000000000000000e+00
-1.01503322873176947e-84 0.00000000000000000e+00
1.01503322873176947e-84 0.00000000000000000e+00
2.39377994834180516e-68 0.00000000000000000e+00
-2.39377994834180516e-68 0.00000000000000000e+00
3.57657487316506949e-69 0.00000000000000000e+00
-3.57657487316506949e-69 0.00000000000000000e+00
1.98398556532392286e-51 0.00000000000000000e+00
-1.98398556532392286e-51 0.00000000000000000e+00
-7.21773670167313772e-69 0.00000000000000000e+00
7.21773670167313772e-69 0.00000000000000000e+00
-2.24427387253678921e-52 0.00000000000000000e+00
2.24427387253678921e-52 0.00000000000000000e+00
-2.30205218580841488e-52 0.00000000000000000e+00
2.30205218580841488e-52 0.00000000000000000e+00
-6.54268040300534390e-35 0.00000000000000000e+00
6.54268040300534390e-35 0.00000000000000000e+00
-3.27055439511800387e-69 0.00000000000000000e+00
3.27055439511800387e-69 0.00000000000000000e+00
5.40579177730334167e-52 0.00000000000000000e+00
-5.40579177730334167e-52 0.00000000000000000e+00
-5.56060170716470031e-52 0.00000000000000000e+00
5.56060170716470031e-52 0.00000000000000000e+00
2.99746076456904970e-35 0.00000000000000000e+00
-2.99746076456904970e-35 0.00000000000000000e+00
-1.28753591903882151e-51 0.00000000000000000e+00
1.28753591903882151e-51 0.00000000000000000e+00
4.73915600941048870e-35 0.00000000000000000e+00
-4.73915600941048870e-35 0.00000000000000000e+00
-8.28437564784679038e-35 0.00000000000000000e+00
8.28437564784679038e-35 0.00000000000000000e+00
3.94505605213894552e-18 0.00000000000000000e+00
-3.94505605213894552e-18 0.00000000000000000e+00
2.33293441758881558e-67 0.00000000000000000e+00
-2.33293441758881558e-67 0.00000000000000000e+00
-8.57644027396791196e-51 0.00000000000000000e+00
8.57644027396791196e-51 0.00000000000000000e+00
1.92910726013325265e-50 0.00000000000000000e+00
-1.92910726013325265e-50 0.00000000000000000e+00
6.03250629953258038e-34 0.00000000000000000e+00
-6.03250629953258038e-34 0.00000000000000000e+00
-1.03840608711268393e-51 0.00000000000000000e+00
1.03840608711268393e-51 0.00000000000000000e+00
3.49541853883257831e-35 0.00000000000000000e+00
-3.49541853883257831e-35 0.00000000000000000e+00
1.51977173456624499e-34 0.00000000000000000e+00
-1.51977173456624499e-34 0.00000000000000000e+00
1.94884683760177267e-17 0.00000000000000000e+00
-1.94884683760177267e-17 0.00000000000000000e+00
-4.90380588235884182e-52 0.00000000000000000e+00
4.90380588235884182e-52 0.00000000000000000e+00
1.45924615369572705e-34 0.00000000000000000e+00
-1.45924615369572705e-34 0.00000000000000000e+00
3.03188138801273096e-34 0.00000000000000000e+00
-3.03188138801273096e-34 0.00000000000000000e+00
-1.23137837120245285e-17 0.00000000000000000e+00
1.23137837120245285e-17 0.00000000000000000e+00
1.31774695940117980e-34 0.00000000000000000e+00
-1.31774695940117980e-34 0.00000000000000000e+00
-3.50500332691323624e-18 0.00000000000000000e+00
3.50500332691323624e-18 0.00000000000000000e+00
1.06796879909064228e-17 0.00000000000000000e+00
-1.06796879909064228e-17 0.00000000000000000e+00
7.07106781186547573e-01 0.00000000000000000e+00
-7.07106781186547573e-01 0.00000000000000000e+00
