# n_qubits=10; one amplitude per line: real imag; index = sum_k x_k 2^(n-1-k), qubit 0 = most significant bit
3.98765440423190509e-02 1.30069583623595941e-01
5.17797683381314641e-02 -7.31091966125633434e-03
3.64058430859085930e-02 -4.84560170336748378e-03
4.23582401467916328e-02 -4.04206799299680879e-03
7.61658445395924505e-02 -1.15500660184281994e-02
1.01360573730784123e-02 -2.29739492262801548e-02
5.73437051907745368e-02 -2.19833786361448100e-03
-4.35301721161769368e-03 -6.04094895376609039e-03
3.56686399091054041e-02 3.87831203967249419e-02
4.02635344194852002e-02 -8.96398776797931608e-04
2.54415776136828996e-02 4.88180912152639396e-03
-2.49164190070562831e-03 -1.79504945310019516e-02
6.21817726134116372e-02 1.49854204189587784e-02
8.64865503422043019e-03 -4.20900215781169762e-03
5.23719186744012605e-02 -3.09725462421958642e-03
-1.93673902106458956e-03 1.70094245858225137e-03
4.63105204365365786e-02 3.28511492332388896e-02
5.30162475484341825e-02 -5.14463951549831086e-02
6.28235060086479030e-02 2.60622198334696832e-02
2.44282677207647465e-02 -2.96877783306665095e-02
-7.19754686253502775e-03 -3.60756179406463984e-02
-1.23726030551926094e-03 1.65543197032500325e-02
-1.79037653270381313e-02 -3.14037616356640722e-02
4.79199856007228673e-03 -8.22894083172808627e-03
7.05237896748924786e-02 1.05424444990415683e-02
-2.09633616966257465e-02 -1.26896719056972668e-02
1.98161470873224194e-02 1.58174671687627750e-03
4.45042076302075776e-03 -1.73481968205849227e-02
-3.47406264562839101e-03 -2.36767596668434645e-02
6.46003514838983865e-04 1.95495743436993087e-02
-2.38168123269213057e-02 -2.63651553457451560e-02
3.51015506111802692e-03 -7.58286337273796768e-03
5.01802795841088944e-02 4.50179576263609951e-02
3.64635356859085366e-02 1.67613956934088075e-03
3.19888481931709517e-02 -4.97116113256594692e-03
2.68820418307522341e-03 -1.75922315262770253e-02
5.41499449956637027e-02 8.54442337016659767e-03
2.28185280656688673e-02 -9.81778041239860996e-03
1.70851865118187632e-02 -7.26216041834299754e-03
8.50815959699074455e-03 -2.09625220588925409e-02
3.81907114419168109e-02 2.81725869725393749e-02
2.65346924658960079e-02 8.41964095123045784e-04
1.53555809924113967e-02 -1.13786879037429435e-02
-1.02890758849319376e-03 3.27134773022880534e-02
3.63823224311124460e-02 -5.85165276530171842e-03
1.13021460396142553e-02 -6.59334993448045057e-03
2.50448174829407885e-03 1.75187716548149807e-03
3.67611895153951637e-02 -2.61138058130466269e-02
5.88698782689680913e-02 -7.09946241025233987e-02
-7.00566323618911913e-03 -4.55555914005308191e-04
-1.50083803485079516e-02 -1.99209882175648521e-02
9.07281284155894794e-04 -5.84014060580712382e-03
2.89909249110105287e-03 1.34711700154706449e-02
-7.85386172485861775e-03 3.75535918849475500e-02
6.06551365426178345e-04 1.79615111489364980e-02
-5.78810057069464260e-03 -6.27587878172102161e-03
-2.72156645195146332e-02 -3.27012019639482954e-02
-3.44746851034702503e-03 -1.53222347589650424e-02
-4.84312578407458758e-03 -1.18280746747787824e-02
-7.66928143118764116e-03 1.84517608174517489e-03
5.16702314896222946e-03 1.45718360266618874e-02
6.98243078053965502e-03 7.08364062567144650e-03
6.52914521815418057e-03 2.19837308965051574e-03
-2.24644756649134249e-03 -3.00650415428527773e-02
7.40046346616117373e-02 3.94110973594241493e-02
1.17343133396846243e-03 -5.82201509885953150e-03
2.57291723803737341e-02 -3.71404734970128469e-03
6.24049378444043248e-03 -7.34918618306434988e-03
-7.49856816559347269e-03 -4.57047258952051824e-02
3.83851134362976770e-02 -2.67636377477333681e-02
2.00517353500968137e-02 -1.98424414506788022e-02
2.11954487854184581e-02 -2.51454805915067581e-02
4.32550752944240724e-02 1.37690976927626624e-02
1.45338162266049221e-02 7.11379767389759554e-03
3.75373810448994677e-02 -1.21456238184523158e-02
-2.20571695707893881e-04 -6.97490247551942402e-03
1.60176211755968870e-02 -1.32094787504450934e-02
3.30129382910551855e-02 -2.83795399941816628e-02
-8.47911757507993961e-04 -2.25600351544299020e-02
-4.08265370180061534e-03 -1.06540584850257653e-02
1.63899800542314893e-02 -8.63901606619084730e-03
7.59391983187873848e-02 -2.90105093999475511e-02
5.06251516681095054e-02 -3.10706914260842695e-02
1.53931701676668364e-02 -2.68954145389256744e-02
-2.35928304534624156e-02 2.59664441678553043e-02
1.83945378341599593e-03 -1.24550547827760125e-02
-4.81621956179972745e-03 1.30265314944777726e-03
2.93587949825131539e-03 -2.82469146251171505e-02
3.92787268085163233e-02 -4.42287147329559621e-02
2.35574260312572253e-02 -2.30524494151228623e-02
1.53064330833620962e-02 -1.94486983420535074e-02
-2.94033233892023469e-03 -1.14851800483540822e-02
-5.67691900819835681e-03 4.05264335703175559e-03
3.92732273358993990e-04 -7.01048250968653620e-03
-7.37366015042036885e-04 -1.95076548642816178e-03
-6.86231293610662253e-03 -1.47331256237779578e-02
3.96492700336960810e-02 2.11568574261287133e-03
7.34356281962370711e-02 1.03521143067155739e-02
2.44849061010738618e-02 -2.51944168284485744e-02
7.64938859400376720e-03 -3.91671350393360054e-02
2.68663855771718411e-02 -1.18056706501165638e-02
3.39411873169563547e-02 -2.67671372135636840e-02
1.16364760193781690e-02 -1.40800336702741110e-02
5.16503499818540823e-03 -3.85557623332355506e-02
4.22472592309027506e-02 -1.30732370212643576e-03
4.07450901580052247e-02 -3.97825457705021623e-05
-3.02091094807163110e-03 -2.16981122574343190e-02
-1.20201302587725229e-02 -6.08962925521451255e-04
1.81114397267749770e-02 -2.00381255205228752e-02
2.27062614570782417e-02 -2.28445252136794084e-02
-2.79275175971079211e-03 -8.30031288268894517e-03
2.31534959792843130e-02 -2.23031738309968017e-02
6.63111641960704712e-02 -1.06491946238843685e-02
1.26265787171469506e-02 -4.18587028889266452e-03
2.79327589597635761e-02 -9.94018529121962549e-03
3.03931043760603987e-02 2.86220320575585139e-03
1.33947433767175059e-03 -1.71796938049372412e-02
-1.60189053096548815e-02 5.01331411774376661e-03
-2.84177185179293121e-03 -1.40601251270530588e-02
7.87155370744889319e-04 -7.48876708740079961e-03
1.64755694149596350e-02 -8.52719292801055843e-03
1.85460980552115406e-02 8.36598636984415417e-03
3.86195457673756733e-03 -9.29719870054857554e-04
-4.82898636338364561e-03 -9.97025683500468544e-03
-1.04004110782306668e-02 -9.91644238458450530e-06
-4.01512242579799526e-03 2.50969918999207064e-02
3.02077442421011403e-03 -4.28328996150637194e-03
2.79394792772887021e-02 -9.12593027425940249e-03
7.52389331502763131e-02 -3.20675614799335665e-02
6.15101476620607927e-03 -2.00094351956161022e-02
3.38913213643263281e-02 -4.20033469601177340e-03
-1.69255930578421331e-02 1.66417845654761080e-03
1.64340933270216288e-02 6.78164759687767838e-03
2.00845843161157264e-02 2.11037393986738230e-03
-4.74999869653006893e-03 -1.73644426591837474e-03
1.06907013789908165e-02 -1.05173261103368373e-02
2.28821967878120869e-02 -9.66019202927450096e-03
2.41195399116790402e-02 -1.45094991216156606e-02
4.95003231155213899e-02 -1.14024473778226755e-02
-1.55474241929181125e-04 -6.86663939331330175e-05
-1.11663588266117109e-02 -2.17711722956851934e-02
3.79736807858489719e-02 -2.02942468409352643e-02
4.15535567137213999e-02 -2.80492660383792752e-02
3.96888637697599966e-02 -1.99638017353120645e-02
2.12562987905094564e-02 -5.08035414859075926e-02
-7.38154791122475496e-03 4.80492122855066903e-03
1.09585453149779761e-02 -1.85781251604378965e-02
2.17576402209061111e-02 -3.18165564124305300e-02
1.17749485363309817e-02 -1.14015183332448890e-03
1.20526043890698438e-02 -7.57575135506640806e-03
1.14222084518666202e-02 -7.91853432778362974e-03
4.02386651220634148e-02 -1.44397054177371337e-02
3.69051146836809826e-02 -2.21098741420622802e-02
1.11313656139967812e-02 -8.42674484012944508e-03
2.30618128712307482e-02 -2.55172167833411269e-02
2.20058870551958739e-02 4.48675014783041139e-03
3.92137174485757550e-02 -1.33853486617823876e-02
7.91585052044981551e-03 1.11791991177714119e-03
-1.07718349706652488e-02 -1.27355727940627432e-02
2.25560953569481880e-02 -2.37644517360328864e-02
2.20315916109630541e-02 5.72892560567333738e-04
3.45403184445060851e-02 -4.07546561808805399e-02
2.48210719808362006e-02 -3.35002046733496595e-02
1.03805703790872065e-02 -1.64182431303403417e-02
6.57924617570850197e-03 3.00438758270703508e-02
3.59548869830366991e-02 -1.64522299416267788e-02
4.07444537873640072e-02 -3.24526665248675746e-03
2.88215422818426797e-02 -3.52025462481288104e-02
4.46179169509578616e-02 -3.38102477727450111e-03
3.17569908579679178e-02 -2.12531427614708786e-02
1.62586306906914620e-02 -6.78192231788647508e-03
8.91479348196260596e-03 1.66290777027576359e-02
2.61022481980163999e-02 1.48842984804622748e-02
6.23910350652365914e-02 -2.32136571303718856e-02
5.77376770655299507e-02 -5.42726011128526111e-03
-2.06272583424486509e-03 -1.35705190008179755e-02
-1.71013975056745027e-03 -2.05696892776800963e-02
3.30238551165321212e-03 -1.36443579789491971e-02
1.40703068000987679e-02 -1.44218920000953529e-02
1.87973230338301552e-02 -4.23289928531273875e-03
3.22229097069118980e-02 -2.48650162075284460e-02
5.70656884728538982e-03 -9.95981160464319516e-04
2.08014866125705335e-02 -7.08486914334551313e-03
-1.01507239286835957e-02 5.59979577022603689e-03
2.01004897930976804e-02 -1.71924918056426297e-02
5.57662403100798489e-03 1.10067558611278236e-02
1.67607770674369008e-02 1.42816128841191103e-02
5.79364836048496760e-03 -2.24628113009564664e-03
1.14977194104390872e-02 -3.65870707773542914e-02
-3.41956940355174904e-02 1.30510944007004356e-02
-2.39111548319102590e-03 -1.45199780121687688e-02
-2.47088438808073622e-02 -2.48196079778604806e-02
2.70872242889968508e-03 -5.37109888229149457e-02
3.73106044734962958e-03 -4.16582628398201159e-03
-1.90947955629817492e-02 -3.46334780818782252e-03
-6.59549262327414811e-03 -6.70801431866455133e-03
3.38858744176327303e-02 -2.43537906097755150e-02
-8.95688464979427744e-03 1.54839511232930903e-02
1.63859784113888325e-03 6.67969875174810688e-03
8.63354058331027713e-03 4.16000369280986461e-04
1.65551028411377158e-03 -1.51661628105057705e-02
2.02304458113242089e-02 -1.47745020728635955e-02
-1.28017190873850337e-03 -1.97955039990239216e-02
-5.49311892019156787e-03 -2.13661599344231769e-02
1.67910467850518829e-03 -3.76657143549521175e-03
-2.57749629536907976e-03 -7.23550228526611064e-03
3.63152714854118701e-03 2.59457800770460795e-03
8.68224742591239620e-03 -3.79086542222701536e-02
-2.47030024402308535e-02 -1.01121974199183695e-03
1.27705101111635581e-02 -2.75056361495403974e-02
9.93384681544771247e-03 -8.04783786582566329e-03
3.97589368330720644e-02 -3.33841056089731539e-02
-3.22373410260129722e-02 1.38948035844624947e-03
1.89830635060230339e-02 -1.66021169570127326e-03
4.37275571748990070e-03 4.38761829792525156e-03
2.42941442797548271e-02 -8.60864976621750731e-03
-8.77591755614874972e-03 9.47392780342000244e-03
2.50451337679886456e-02 -1.83675359773778184e-02
1.43542455511009980e-02 -2.30421471851909067e-02
2.66438437548719986e-02 -6.55452663501405498e-03
2.05850085949337361e-03 -2.36355933252467787e-04
2.31444088618836218e-02 -1.69308560759106295e-02
1.14792286237892505e-02 -5.62281850081532749e-03
7.57480926683270876e-03 -5.06044444466350295e-03
-2.45491698573171643e-03 -9.78300910297823234e-03
7.81259466716686772e-03 -2.75508230408279819e-02
-4.44959268465582036e-03 -9.21283219560188951e-03
6.24520900441799184e-03 -1.91106909758545600e-02
-4.51165164739515592e-03 -2.89093102995414616e-03
1.10832138756402753e-02 -2.23057838758695288e-02
1.01974763077502476e-03 -1.18150173042187484e-03
4.74774037553864284e-02 -1.05842091890078725e-02
2.87293421801687182e-02 -2.39802900823864289e-02
1.76084463522954357e-02 -2.79666994718683823e-02
6.02042436093994365e-03 -1.73128160160152741e-02
9.75392033276663989e-03 1.68311055878370801e-02
1.05439838911587612e-02 -1.28780277495593384e-02
4.59438107699582932e-02 -3.27488243572091400e-02
1.60774334698563989e-02 -4.72472912384222718e-02
2.47339492018941974e-02 -1.91807508708375209e-03
2.20006838799182130e-03 -8.38982140519660240e-03
1.46304394558169851e-02 -1.03694695317109575e-02
3.35491772026189281e-02 -3.51413386087919485e-02
2.88061185573740691e-02 2.46266120049323702e-04
1.39457166690659870e-02 8.64901079901237053e-03
2.72974702637993408e-02 -1.64658618456639261e-02
1.38663811615015488e-02 -1.59976748066482481e-02
2.95978720995689754e-02 -9.19472049736002640e-03
2.08816947197159181e-02 -2.38704332349986455e-02
1.86455716947027880e-02 1.06537763557412440e-02
2.88935100026661354e-02 -1.38058302558475305e-02
1.58740137062107489e-02 8.85966268474698386e-03
1.09271350673342902e-02 -4.55207563147068308e-03
1.82500991963770905e-02 -1.97441029617439687e-02
-5.51075391228545309e-03 -1.31079781075862829e-02
5.89382822731034026e-02 -1.70716319934155793e-02
4.81662086025786904e-02 3.94312608403943887e-02
8.24006040223444619e-02 -1.83679173234077772e-02
7.04299251579093288e-02 4.66543483461568376e-02
5.08140109077664243e-03 -4.48660910738338109e-02
-1.15350292646138764e-02 -1.91412167732895495e-02
1.47363259632798029e-02 -1.32164056316266803e-02
4.31938145595977332e-02 -7.75772603902122326e-03
-1.20049478673673413e-02 -1.38774649783589832e-02
3.56890850632720427e-02 1.72179603863154285e-02
2.87836551531262530e-02 -2.16706520563253839e-02
4.76853956900258960e-02 7.41644933948249971e-03
9.36636657765242686e-03 -1.51476987792360778e-02
1.82643937422256666e-02 -1.54354058882737229e-02
1.82141282995590369e-02 -4.85112574778840885e-03
2.64562609336282811e-02 -3.69465877474728990e-02
7.07132280686660619e-04 4.54935247306008286e-03
5.69046350792450986e-02 4.51137973380937810e-03
7.96052878510343336e-03 -2.49644069416970274e-02
6.21807441651544279e-02 -1.57668008590389139e-02
1.93335757623976871e-03 -1.94204298219960089e-02
2.16962828412971612e-02 -1.42757363899384867e-02
-8.91279650641254445e-04 -1.22103522105090987e-02
-1.33363135834902880e-02 -1.46914085679333284e-02
-1.89368126546062762e-02 2.19682049889915292e-02
1.89916370790665368e-02 -1.52511017702885651e-02
-9.42006089596009112e-04 8.04426189544771991e-03
6.95249710775804313e-03 -6.47220691898577581e-03
-5.44063998793687699e-03 -2.86022410014832307e-02
1.91880603082822607e-02 -1.54035336809684453e-02
1.10220496129748990e-02 2.20856881599700294e-02
-3.32139042097308887e-03 -3.93217265111958929e-04
-8.76118133999696097e-03 -5.48717535453935052e-03
2.56822737145366471e-02 -3.30013871868534980e-02
2.77544915873217252e-02 -2.41832264825139094e-02
2.41587849194920441e-02 -3.34877061141760080e-02
1.93532090932839324e-02 -1.47581929178313420e-02
-1.42442435255422436e-02 -1.98989581638912187e-03
6.37530887588004178e-03 6.67493976100783331e-04
2.01634246999407921e-02 2.10743269661482676e-04
-1.07203574308899225e-02 1.77032325631148249e-02
-8.75027486285415851e-03 -1.58116998938536840e-02
2.71154541431207303e-03 -1.86523054739830586e-02
2.89032428770664637e-03 -1.21902101622859433e-02
6.31806102001452805e-03 -9.36080229049520395e-03
7.91359530548798283e-03 1.96086228136359772e-02
3.98345128046888319e-03 1.57156466904277738e-02
1.16688016457847307e-02 5.33125056926314362e-03
2.40093382130769466e-02 -4.52751563746603344e-02
2.82729169550471199e-03 1.62573941998484829e-02
2.44807088456361795e-02 -1.04169006618124033e-02
-9.79173808476364177e-03 2.10981642550926544e-02
8.35476482283042748e-04 -3.13631465968742459e-02
-1.31833506461214549e-02 -3.59538258539328429e-02
1.39080167127112533e-02 1.64725022839610764e-03
-1.38512755581481177e-02 4.59623880124667393e-03
-9.53516439390426733e-03 2.03167101176501786e-03
6.13089996639150109e-03 1.31941951810252475e-02
-8.39159320775433384e-03 -8.05570257473044518e-03
-2.91198117841186353e-03 3.58684277296328477e-03
3.93074622611786027e-03 3.72188832543100855e-03
-4.75651071925925137e-03 3.12891819289806499e-04
1.19519419196944168e-02 -7.79885711661721780e-03
6.27123948158298233e-03 6.77553984897265489e-03
2.73209529193898688e-02 3.04781510539452963e-03
5.55625950354451253e-02 2.79257321993366184e-02
6.88967635718334692e-02 8.77101327322495853e-04
4.31284398350180870e-02 -3.94129821942158006e-03
1.50362876966891584e-02 -5.74084777018133395e-03
-2.63533706511235033e-02 6.82055774456407238e-03
4.08655794917336807e-02 -6.31106546459820218e-03
1.57007806493415190e-02 -7.62847461943311732e-03
-4.32466866583561206e-04 -2.00806248761645004e-02
4.80597455888484085e-02 -1.02185448676007373e-02
2.13462418314392562e-02 -2.35037348685417230e-02
1.35759694398550554e-02 -2.86425472318513584e-02
7.10059639165665224e-03 -1.14252997923476735e-02
2.19362506499866626e-02 1.80074233949017873e-03
1.01357172331581046e-02 -1.43682803688999217e-02
-1.02373620106834071e-02 -1.28595787546235754e-02
-1.58905599001592408e-02 1.35594036473698381e-03
4.63387671647415705e-02 4.00315801717746164e-04
2.81622805725653819e-02 -8.74805385770414598e-03
7.09761457828129716e-02 -6.96369149990588333e-03
2.16794381199826407e-02 2.88132109537975363e-03
4.09562007843399748e-03 6.37547761924302063e-03
1.92068612190700629e-02 -1.40005366737859863e-02
-7.06186727176935994e-03 -1.52814228331962197e-02
-7.75823952427450413e-03 -1.03199162595039619e-02
2.75921942908735410e-02 -9.36352818268157763e-03
-8.66523371572463456e-05 6.98015400451986855e-03
1.10363245507953366e-02 -1.01362664391515464e-02
2.34167594472539167e-02 -1.41245067690348169e-02
1.76600320542035887e-02 -3.37304494878183370e-02
7.78208154442907186e-03 5.11557284799238343e-03
-6.04187791622300564e-03 2.62446256442230115e-03
1.36780166145014336e-02 1.09226087435524734e-02
7.88749278586032693e-02 6.11909753242321011e-03
2.50477142224595252e-02 -2.68238831069657763e-02
3.54475338181970134e-02 -7.40393579891265776e-03
1.20236184103757974e-02 4.32383448355011860e-04
4.77938994979492313e-02 -2.15887248493305331e-02
-5.19260213244692511e-03 -1.75766889620505781e-02
9.59582637576407611e-03 -2.39076988889347364e-02
-2.65538611252584059e-02 7.07365585135771684e-03
3.28363782614124328e-02 -3.12408037744387390e-03
7.87541572379722894e-03 -6.10661763773118638e-03
2.35379497888243625e-02 -1.33092613477321809e-02
3.48397960744720875e-03 1.89822191911188480e-02
2.41632035985762245e-02 -2.05956635964526721e-02
-1.39625920136959188e-02 2.20572067872338608e-03
2.69144172324690869e-03 -2.59728525029195812e-03
1.09190106363667699e-02 1.68101190693609247e-03
3.28460712420950290e-02 -3.95774790249646662e-03
-1.40258545546933493e-02 -2.68561337637723621e-02
1.16284450442843239e-02 5.86953835701808490e-03
3.91350493960501145e-02 -2.33360748077027190e-02
4.17689644405277224e-03 -2.43827350592001890e-02
-1.41719018197486359e-02 -1.82062089700555096e-02
1.37437871935908672e-03 -1.54512693065964762e-03
-2.41560234902025855e-02 -2.77150056875596768e-02
3.90046008474798133e-03 1.19377170834347474e-02
-1.02172924951969904e-02 -1.50569608689895343e-02
1.19586502807853337e-02 -9.95757879027796972e-03
2.85117733700481412e-03 -1.85137086749327349e-02
1.26735052133272134e-02 4.52702682339191365e-03
-2.13149131224508286e-02 1.96686757212516643e-03
1.29060319996449104e-02 -1.44033384493419472e-02
6.23015892456648280e-03 1.84333514662153759e-03
1.25069506116430102e-04 -3.70359735678231841e-02
-2.52493504379218484e-02 -5.89773169066172467e-03
9.58168102304413419e-03 -4.37140012480760343e-02
7.06447462786830536e-03 -5.04853973565385847e-03
2.38187804878783257e-02 7.15760882671894350e-03
3.24810426626743545e-02 -1.60648566437065730e-02
1.55944992506216028e-02 1.24374649134665755e-02
6.03871277431768973e-03 -2.27923249081118037e-02
9.39468427616955461e-03 -1.94008836334086249e-02
-1.55777622783871130e-03 8.21611663187073161e-04
1.88663961474639583e-02 -2.63303449514406228e-02
1.90936864813453545e-02 -6.49414705996938582e-03
1.53265936830330497e-02 2.30457616006787616e-02
4.92298798133506636e-03 -3.89258356467149583e-02
2.27411231996199116e-04 -2.14056343693592617e-02
1.13310184744747702e-02 -1.86669417781013848e-02
1.75446231679553498e-02 -1.48305732638862910e-02
-7.21850854709505898e-05 -3.36369762972927311e-02
1.01789931580031703e-02 -4.04848012627762599e-02
-2.93136133949394246e-03 2.72618603878276846e-03
9.93484539682419621e-03 8.21920612110827592e-03
8.49494882861796287e-03 -2.35218911630879005e-02
3.72043538164910231e-02 -2.99484644728894092e-02
2.87911477145439548e-03 -6.93107100654360986e-03
1.37234933045146130e-02 -1.29670931528852468e-02
1.28022786347702922e-02 -2.09014129110306618e-02
2.71635373656186861e-02 -3.93013625732697644e-03
1.29330009211137166e-02 8.66511916653705389e-03
6.07966501084090082e-03 -7.78817636039971263e-03
-2.30773986066109632e-04 -5.03131654393317376e-03
1.97951008356089912e-02 -3.42289405925286089e-02
-7.06931637883219735e-03 -1.05926166045053494e-02
-1.55345487974191030e-03 5.04952652595900935e-03
-7.64919020756463577e-03 1.96911140948912485e-03
8.91122138455656063e-03 -7.98668235997496839e-03
8.48442843165287189e-03 6.86658453748573063e-03
2.99991165555425245e-02 -1.44114701741080244e-03
-1.65895054113236176e-03 -1.26130590270001654e-02
5.52996553028553984e-03 -2.00485630209618869e-02
-1.56171064624842700e-02 -5.01882013024448036e-03
-3.43373433575792399e-03 5.61186467254100839e-03
1.30143793112200666e-02 -7.94005001937237061e-03
2.57941445699331785e-02 -9.62243085199727261e-03
1.87534208720111714e-02 9.03281622702400110e-03
1.32228958798229993e-02 -2.25885981452332574e-02
4.11033041750560966e-03 -7.60460129559975464e-03
2.02752790893057887e-02 -2.49939315545277367e-02
-4.95444671528914426e-03 3.08001268492842737e-03
-1.43998973443857751e-02 -1.29603525300608542e-02
1.24336244639413653e-02 -1.27169819586278252e-02
-7.03725586197341720e-03 -2.04482560008654168e-02
1.70241429721955176e-02 -1.31342285917120734e-03
-2.75526161406118185e-04 -1.74456495316245158e-02
8.24583808545634699e-03 -1.62763223748889317e-02
4.71213998345458920e-03 -1.27124450757162277e-02
-1.07655856497626407e-02 -1.42184649005094258e-02
-8.99915978810420999e-03 -4.24257878222543839e-03
2.26120243144147977e-02 -1.01531249434199528e-02
2.08634270580064993e-02 -5.27316511347764461e-03
1.11394798609878026e-02 6.77109934196965576e-03
2.79373114451952204e-03 1.78393755320463386e-02
7.24973325030688932e-03 -3.27997874443944348e-02
1.54927486522579566e-02 -2.31665507180587871e-02
-5.82956670032514640e-03 -2.59288319194991325e-02
-1.90066281000504031e-02 4.41356170958507894e-03
8.90634913765069383e-03 -6.10805248769063884e-03
-1.46713761452090777e-03 2.72039534804589984e-02
-1.34972052151396526e-02 -2.39232536571701224e-02
-6.78031487471699151e-03 -8.66323171491764285e-03
2.02405351863225863e-02 6.71064346010115994e-03
1.57468419815830936e-02 7.68983489106391492e-03
1.51708919957870801e-02 -1.09073567941031634e-02
-2.78335507801201563e-03 7.27202498974887507e-03
-6.08499183097317101e-03 -1.96448574177611364e-02
-1.40074814496216719e-02 -2.38859739934133442e-03
-8.37750507514108296e-03 -3.13676973306737175e-02
2.11313907578568674e-02 -8.97692359028829344e-03
2.28671905659352873e-02 -1.63627000455364921e-02
-3.05634392961528622e-03 -1.33696829452430790e-02
5.52299068501267525e-03 -7.95371057767500431e-03
3.78628287261435284e-02 -3.05168154998471143e-02
2.21861389069641091e-02 -5.29375222027119504e-03
3.18538504168363896e-03 -1.44788983226356634e-02
2.18937810948140361e-03 -1.00623915604794115e-02
1.88908362852575375e-02 -9.12165020675845609e-03
2.28360165358583549e-02 -1.39405471840764843e-02
3.55668915550587036e-02 -1.70033403722097999e-02
3.72167094831163878e-02 -6.33166418912125065e-03
5.06966388230973685e-03 -2.73692603941941698e-02
1.98977674421331185e-02 -1.61218845865369062e-03
1.87343472005096490e-02 -9.69742602577593898e-03
1.78698955251656300e-02 1.04026936324254325e-02
1.38342921914242564e-02 -3.19942974165653773e-02
2.46513345519238473e-02 -1.58502177228406795e-02
3.17135346371553925e-02 -1.85825988843098637e-02
2.78189696290746004e-02 -3.11991460655480397e-02
-5.79890464303582480e-03 -2.44623845880369978e-02
-1.40649953199666108e-02 -7.51348630630293635e-04
4.75257135519649432e-03 -1.47923989140669523e-02
4.52954051442430554e-03 -6.86715373685067160e-03
1.84016744532375862e-02 -5.76436758377278993e-03
1.17244256925714847e-02 -2.22191769474665082e-02
1.10249250691345623e-02 -2.05731243653315445e-02
2.17145649157808769e-02 -2.37592824266901724e-02
5.19642019692745545e-03 -1.90455811484396310e-02
1.46516309879686046e-03 1.02195832501806218e-02
1.21926428341689649e-02 -1.54603462778613778e-02
2.41231389720444542e-02 8.78223428761863885e-03
6.23137724612700481e-03 -3.07333774123171137e-02
2.66445226260125581e-02 -2.74278882323816010e-02
2.60202853272438472e-03 -1.64377795886041546e-02
-7.21105742087382553e-05 -2.15741082057717866e-02
1.48891319001573617e-02 -1.78082977631831389e-02
6.51258187108085668e-03 -3.26012327263065851e-02
2.94148212349986636e-02 -2.02220447402857682e-02
-1.67861749799156287e-02 -2.62143206265251540e-02
1.09568326384177819e-02 -1.77312017465759489e-02
3.48088654215585949e-02 -1.15820972980057914e-02
1.04605904335163327e-02 5.60627423690366646e-03
5.36655294082295578e-02 -3.11381780810820533e-02
2.66129354012301089e-02 -1.05194144197156367e-02
1.85981089333790116e-02 7.80112032852472818e-03
3.47859054328711059e-02 -1.06338506251908646e-02
-2.23519259654659588e-02 1.57609119892725726e-02
-7.06661030633171528e-03 -1.27177983602226718e-02
2.38547464503461176e-02 -2.24397723724039039e-03
-5.56777311125252784e-03 -1.57778127759348021e-03
6.84708864750253748e-02 -1.46186783393778049e-02
6.84708864750253610e-02 -1.46186783393779090e-02
-5.56777311125256427e-03 -1.57778127759351490e-03
2.38547464503461558e-02 -2.24397723724040384e-03
-7.06661030633173870e-03 -1.27177983602226735e-02
-2.23519259654659172e-02 1.57609119892726038e-02
3.47859054328710990e-02 -1.06338506251909149e-02
1.85981089333790324e-02 7.80112032852472818e-03
2.66129354012300950e-02 -1.05194144197156541e-02
5.36655294082295786e-02 -3.11381780810821227e-02
1.04605904335162946e-02 5.60627423690364737e-03
3.48088654215586019e-02 -1.15820972980057914e-02
1.09568326384177715e-02 -1.77312017465759385e-02
-1.67861749799156322e-02 -2.62143206265251158e-02
2.94148212349986150e-02 -2.02220447402857856e-02
6.51258187108086709e-03 -3.26012327263066407e-02
1.48891319001573583e-02 -1.78082977631831632e-02
-7.21105742087712150e-05 -2.15741082057717658e-02
2.60202853272432748e-03 -1.64377795886042032e-02
2.66445226260125338e-02 -2.74278882323816461e-02
6.23137724612701435e-03 -3.07333774123171380e-02
2.41231389720444681e-02 8.78223428761864058e-03
1.21926428341689683e-02 -1.54603462778613553e-02
1.46516309879679931e-03 1.02195832501806201e-02
5.19642019692743290e-03 -1.90455811484396519e-02
2.17145649157808630e-02 -2.37592824266901759e-02
1.10249250691345450e-02 -2.05731243653315826e-02
1.17244256925715020e-02 -2.22191769474665603e-02
1.84016744532375688e-02 -5.76436758377282289e-03
4.52954051442427865e-03 -6.86715373685068027e-03
4.75257135519650559e-03 -1.47923989140669628e-02
-1.40649953199666437e-02 -7.51348630630301441e-04
-5.79890464303580658e-03 -2.44623845880370290e-02
2.78189696290745830e-02 -3.11991460655480675e-02
3.17135346371554064e-02 -1.85825988843098533e-02
2.46513345519238231e-02 -1.58502177228406517e-02
1.38342921914242824e-02 -3.19942974165653773e-02
1.78698955251656681e-02 1.04026936324254256e-02
1.87343472005096767e-02 -9.69742602577594245e-03
1.98977674421331463e-02 -1.61218845865368802e-03
5.06966388230977415e-03 -2.73692603941941524e-02
3.72167094831164572e-02 -6.33166418912129575e-03
3.55668915550587314e-02 -1.70033403722097756e-02
2.28360165358583792e-02 -1.39405471840764773e-02
1.88908362852575687e-02 -9.12165020675844741e-03
2.18937810948139060e-03 -1.00623915604794219e-02
3.18538504168365240e-03 -1.44788983226356548e-02
2.21861389069640987e-02 -5.29375222027120718e-03
3.78628287261435770e-02 -3.05168154998470727e-02
5.52299068501267264e-03 -7.95371057767505461e-03
-3.05634392961526410e-03 -1.33696829452431328e-02
2.28671905659352942e-02 -1.63627000455365094e-02
2.11313907578568848e-02 -8.97692359028832813e-03
-8.37750507514106214e-03 -3.13676973306736898e-02
-1.40074814496216615e-02 -2.38859739934135741e-03
-6.08499183097314152e-03 -1.96448574177611364e-02
-2.78335507801201129e-03 7.27202498974886466e-03
1.51708919957870853e-02 -1.09073567941031964e-02
1.57468419815831040e-02 7.68983489106391058e-03
2.02405351863226037e-02 6.71064346010116428e-03
-6.78031487471695855e-03 -8.66323171491756652e-03
-1.34972052151396040e-02 -2.39232536571701154e-02
-1.46713761452089649e-03 2.72039534804590089e-02
8.90634913765070077e-03 -6.10805248769062583e-03
-1.90066281000503580e-02 4.41356170958507200e-03
-5.82956670032514380e-03 -2.59288319194990353e-02
1.54927486522579705e-02 -2.31665507180587905e-02
7.24973325030689886e-03 -3.27997874443944001e-02
2.79373114451951423e-03 1.78393755320463386e-02
1.11394798609877749e-02 6.77109934196967311e-03
2.08634270580065236e-02 -5.27316511347764114e-03
2.26120243144148185e-02 -1.01531249434199493e-02
-8.99915978810422387e-03 -4.24257878222543752e-03
-1.07655856497626528e-02 -1.42184649005093929e-02
4.71213998345456405e-03 -1.27124450757161982e-02
8.24583808545637648e-03 -1.62763223748889491e-02
-2.75526161406134664e-04 -1.74456495316244846e-02
1.70241429721955280e-02 -1.31342285917124290e-03
-7.03725586197340679e-03 -2.04482560008654377e-02
1.24336244639413757e-02 -1.27169819586278442e-02
-1.43998973443858272e-02 -1.29603525300608906e-02
-4.95444671528910696e-03 3.08001268492843908e-03
2.02752790893057609e-02 -2.49939315545278061e-02
4.11033041750565823e-03 -7.60460129559972862e-03
1.32228958798230063e-02 -2.25885981452333094e-02
1.87534208720111367e-02 9.03281622702407742e-03
2.57941445699331924e-02 -9.62243085199726393e-03
1.30143793112200909e-02 -7.94005001937233071e-03
-3.43373433575789146e-03 5.61186467254103441e-03
-1.56171064624842423e-02 -5.01882013024451245e-03
5.52996553028556066e-03 -2.00485630209619181e-02
-1.65895054113237195e-03 -1.26130590270001845e-02
2.99991165555425349e-02 -1.44114701741084473e-03
8.48442843165287015e-03 6.86658453748578267e-03
8.91122138455655369e-03 -7.98668235997494584e-03
-7.64919020756465486e-03 1.96911140948910750e-03
-1.55345487974189165e-03 5.04952652595893215e-03
-7.06931637883216266e-03 -1.05926166045052835e-02
1.97951008356090155e-02 -3.42289405925285811e-02
-2.30773986066119173e-04 -5.03131654393312953e-03
6.07966501084090602e-03 -7.78817636039972651e-03
1.29330009211137305e-02 8.66511916653707644e-03
2.71635373656186965e-02 -3.93013625732693741e-03
1.28022786347702974e-02 -2.09014129110306583e-02
1.37234933045145956e-02 -1.29670931528852642e-02
2.87911477145440763e-03 -6.93107100654358904e-03
3.72043538164910648e-02 -2.99484644728894023e-02
8.49494882861795073e-03 -2.35218911630879282e-02
9.93484539682420661e-03 8.21920612110824816e-03
-2.93136133949397368e-03 2.72618603878280446e-03
1.01789931580031981e-02 -4.04848012627762738e-02
-7.21850854709991621e-05 -3.36369762972927033e-02
1.75446231679553984e-02 -1.48305732638863291e-02
1.13310184744747217e-02 -1.86669417781013189e-02
2.27411231996156615e-04 -2.14056343693592548e-02
4.92298798133503079e-03 -3.89258356467149513e-02
1.53265936830330029e-02 2.30457616006787165e-02
1.90936864813453441e-02 -6.49414705996938235e-03
1.88663961474639721e-02 -2.63303449514406089e-02
-1.55777622783870437e-03 8.21611663187071209e-04
9.39468427616956848e-03 -1.94008836334086596e-02
6.03871277431770100e-03 -2.27923249081118350e-02
1.55944992506216063e-02 1.24374649134665616e-02
3.24810426626743892e-02 -1.60648566437065557e-02
2.38187804878783396e-02 7.15760882671894610e-03
7.06447462786830797e-03 -5.04853973565386367e-03
9.58168102304410296e-03 -4.37140012480760204e-02
-2.52493504379218345e-02 -5.89773169066165354e-03
1.25069506116428584e-04 -3.70359735678231772e-02
6.23015892456651316e-03 1.84333514662150181e-03
1.29060319996448965e-02 -1.44033384493419958e-02
-2.13149131224508216e-02 1.96686757212517034e-03
1.26735052133272411e-02 4.52702682339193099e-03
2.85117733700480892e-03 -1.85137086749327072e-02
1.19586502807853528e-02 -9.95757879027797839e-03
-1.02172924951969696e-02 -1.50569608689895603e-02
3.90046008474795487e-03 1.19377170834347891e-02
-2.41560234902025682e-02 -2.77150056875597253e-02
1.37437871935910320e-03 -1.54512693065968318e-03
-1.41719018197486394e-02 -1.82062089700554645e-02
4.17689644405274708e-03 -2.43827350592001925e-02
3.91350493960501422e-02 -2.33360748077027745e-02
1.16284450442843273e-02 5.86953835701806755e-03
-1.40258545546932852e-02 -2.68561337637723517e-02
3.28460712420950152e-02 -3.95774790249651780e-03
1.09190106363667213e-02 1.68101190693603826e-03
2.69144172324697374e-03 -2.59728525029190652e-03
-1.39625920136959257e-02 2.20572067872337480e-03
2.41632035985761690e-02 -2.05956635964526652e-02
3.48397960744723303e-03 1.89822191911188203e-02
2.35379497888243659e-02 -1.33092613477321601e-02
7.87541572379717864e-03 -6.10661763773121067e-03
3.28363782614124466e-02 -3.12408037744383530e-03
-2.65538611252584371e-02 7.07365585135771510e-03
9.59582637576401887e-03 -2.39076988889347399e-02
-5.19260213244703787e-03 -1.75766889620506406e-02
4.77938994979492451e-02 -2.15887248493304776e-02
1.20236184103757610e-02 4.32383448354978900e-04
3.54475338181969371e-02 -7.40393579891263000e-03
2.50477142224594697e-02 -2.68238831069658144e-02
7.88749278586031999e-02 6.11909753242326823e-03
1.36780166145014700e-02 1.09226087435524786e-02
-6.04187791622301257e-03 2.62446256442228293e-03
7.78208154442905885e-03 5.11557284799237823e-03
1.76600320542035852e-02 -3.37304494878182884e-02
2.34167594472539410e-02 -1.41245067690348274e-02
1.10363245507953366e-02 -1.01362664391515048e-02
-8.66523371572849432e-05 6.98015400451987723e-03
2.75921942908735271e-02 -9.36352818268154467e-03
-7.75823952427451800e-03 -1.03199162595039619e-02
-7.06186727176935213e-03 -1.52814228331962492e-02
1.92068612190700767e-02 -1.40005366737860470e-02
4.09562007843399748e-03 6.37547761924298073e-03
2.16794381199826199e-02 2.88132109537977445e-03
7.09761457828129716e-02 -6.96369149990582002e-03
2.81622805725653264e-02 -8.74805385770417547e-03
4.63387671647415705e-02 4.00315801717728817e-04
-1.58905599001592096e-02 1.35594036473696473e-03
-1.02373620106833950e-02 -1.28595787546235355e-02
1.01357172331580959e-02 -1.43682803688999147e-02
2.19362506499866730e-02 1.80074233949023880e-03
7.10059639165665397e-03 -1.14252997923476700e-02
1.35759694398550346e-02 -2.86425472318513827e-02
2.13462418314392527e-02 -2.35037348685416606e-02
4.80597455888484223e-02 -1.02185448676006922e-02
-4.32466866583545377e-04 -2.00806248761645247e-02
1.57007806493414843e-02 -7.62847461943310951e-03
4.08655794917337223e-02 -6.31106546459815100e-03
-2.63533706511234304e-02 6.82055774456407065e-03
1.50362876966891584e-02 -5.74084777018134436e-03
4.31284398350180662e-02 -3.94129821942157486e-03
6.88967635718334970e-02 8.77101327322539221e-04
5.55625950354451115e-02 2.79257321993367294e-02
2.73209529193898203e-02 3.04781510539452313e-03
6.27123948158297799e-03 6.77553984897262800e-03
1.19519419196944116e-02 -7.79885711661720913e-03
-4.75651071925927739e-03 3.12891819289778743e-04
3.93074622611787675e-03 3.72188832543104454e-03
-2.91198117841185832e-03 3.58684277296328173e-03
-8.39159320775437548e-03 -8.05570257473040702e-03
6.13089996639148288e-03 1.31941951810252370e-02
-9.53516439390433325e-03 2.03167101176497536e-03
-1.38512755581481749e-02 4.59623880124665485e-03
1.39080167127112950e-02 1.64725022839611675e-03
-1.31833506461214965e-02 -3.59538258539328429e-02
8.35476482283034074e-04 -3.13631465968742737e-02
-9.79173808476370075e-03 2.10981642550926683e-02
2.44807088456361691e-02 -1.04169006618123686e-02
2.82729169550464477e-03 1.62573941998484968e-02
2.40093382130769015e-02 -4.52751563746602789e-02
1.16688016457847273e-02 5.33125056926312801e-03
3.98345128046893263e-03 1.57156466904277772e-02
7.91359530548803140e-03 1.96086228136360050e-02
6.31806102001449162e-03 -9.36080229049519874e-03
2.89032428770665028e-03 -1.21902101622859416e-02
2.71154541431209125e-03 -1.86523054739830586e-02
-8.75027486285418800e-03 -1.58116998938536181e-02
-1.07203574308899468e-02 1.77032325631148388e-02
2.01634246999407782e-02 2.10743269661480074e-04
6.37530887588000188e-03 6.67493976100804148e-04
-1.42442435255421933e-02 -1.98989581638911580e-03
1.93532090932839809e-02 -1.47581929178313021e-02
2.41587849194920580e-02 -3.34877061141759941e-02
2.77544915873216905e-02 -2.41832264825138053e-02
2.56822737145367339e-02 -3.30013871868534633e-02
-8.76118133999699740e-03 -5.48717535453933404e-03
-3.32139042097307673e-03 -3.93217265111980613e-04
1.10220496129749129e-02 2.20856881599700502e-02
1.91880603082822745e-02 -1.54035336809684193e-02
-5.44063998793687439e-03 -2.86022410014832862e-02
6.95249710775805441e-03 -6.47220691898577668e-03
-9.42006089596006944e-04 8.04426189544774593e-03
1.89916370790665506e-02 -1.52511017702885356e-02
-1.89368126546063074e-02 2.19682049889915534e-02
-1.33363135834902707e-02 -1.46914085679332954e-02
-8.91279650641244470e-04 -1.22103522105090814e-02
2.16962828412971681e-02 -1.42757363899384745e-02
1.93335757623975960e-03 -1.94204298219960020e-02
6.21807441651544002e-02 -1.57668008590389278e-02
7.96052878510346285e-03 -2.49644069416970135e-02
5.69046350792450986e-02 4.51137973380936162e-03
7.07132280686643272e-04 4.54935247306009500e-03
2.64562609336282673e-02 -3.69465877474729615e-02
1.82141282995590160e-02 -4.85112574778840799e-03
1.82643937422256979e-02 -1.54354058882736865e-02
9.36636657765241992e-03 -1.51476987792360726e-02
4.76853956900259585e-02 7.41644933948253787e-03
2.87836551531262322e-02 -2.16706520563253839e-02
3.56890850632720635e-02 1.72179603863154423e-02
-1.20049478673673275e-02 -1.38774649783589658e-02
4.31938145595977263e-02 -7.75772603902120245e-03
1.47363259632798237e-02 -1.32164056316266751e-02
-1.15350292646138747e-02 -1.91412167732895183e-02
5.08140109077655742e-03 -4.48660910738337970e-02
7.04299251579093011e-02 4.66543483461569070e-02
8.24006040223444480e-02 -1.83679173234077009e-02
4.81662086025786210e-02 3.94312608403944442e-02
5.89382822731034095e-02 -1.70716319934155758e-02
-5.51075391228545743e-03 -1.31079781075862881e-02
1.82500991963770905e-02 -1.97441029617439617e-02
1.09271350673342937e-02 -4.55207563147065879e-03
1.58740137062107281e-02 8.85966268474698039e-03
2.88935100026661250e-02 -1.38058302558475288e-02
1.86455716947027499e-02 1.06537763557412613e-02
2.08816947197159215e-02 -2.38704332349986004e-02
2.95978720995689962e-02 -9.19472049736001079e-03
1.38663811615015384e-02 -1.59976748066482620e-02
2.72974702637993477e-02 -1.64658618456639157e-02
1.39457166690659974e-02 8.64901079901237747e-03
2.88061185573740414e-02 2.46266120049332376e-04
3.35491772026189350e-02 -3.51413386087919277e-02
1.46304394558169990e-02 -1.03694695317109575e-02
2.20006838799185122e-03 -8.38982140519660413e-03
2.47339492018941801e-02 -1.91807508708375382e-03
1.60774334698563816e-02 -4.72472912384222440e-02
4.59438107699583001e-02 -3.27488243572091262e-02
1.05439838911588167e-02 -1.28780277495593627e-02
9.75392033276664683e-03 1.68311055878370905e-02
6.02042436093995752e-03 -1.73128160160152811e-02
1.76084463522953628e-02 -2.79666994718683684e-02
2.87293421801687321e-02 -2.39802900823864150e-02
4.74774037553864145e-02 -1.05842091890078829e-02
1.01974763077498790e-03 -1.18150173042188005e-03
1.10832138756402319e-02 -2.23057838758695254e-02
-4.51165164739514030e-03 -2.89093102995411494e-03
6.24520900441798837e-03 -1.91106909758545253e-02
-4.44959268465581082e-03 -9.21283219560183921e-03
7.81259466716684517e-03 -2.75508230408279611e-02
-2.45491698573174766e-03 -9.78300910297827571e-03
7.57480926683273131e-03 -5.06044444466350295e-03
1.14792286237892574e-02 -5.62281850081536132e-03
2.31444088618836183e-02 -1.69308560759106608e-02
2.05850085949342001e-03 -2.36355933252466920e-04
2.66438437548719639e-02 -6.55452663501400728e-03
1.43542455511009807e-02 -2.30421471851908685e-02
2.50451337679886595e-02 -1.83675359773777941e-02
-8.77591755614879135e-03 9.47392780342001979e-03
2.42941442797548271e-02 -8.60864976621753854e-03
4.37275571748996401e-03 4.38761829792524462e-03
1.89830635060230860e-02 -1.66021169570126112e-03
-3.22373410260129514e-02 1.38948035844623907e-03
3.97589368330720713e-02 -3.33841056089731816e-02
9.93384681544775758e-03 -8.04783786582565462e-03
1.27705101111636049e-02 -2.75056361495403766e-02
-2.47030024402307841e-02 -1.01121974199182263e-03
8.68224742591239100e-03 -3.79086542222700842e-02
3.63152714854123732e-03 2.59457800770461142e-03
-2.57749629536907846e-03 -7.23550228526609936e-03
1.67910467850520195e-03 -3.76657143549518703e-03
-5.49311892019157741e-03 -2.13661599344231977e-02
-1.28017190873850424e-03 -1.97955039990238869e-02
2.02304458113242228e-02 -1.47745020728636371e-02
1.65551028411374903e-03 -1.51661628105057549e-02
8.63354058331029968e-03 4.16000369280984401e-04
1.63859784113887870e-03 6.67969875174812770e-03
-8.95688464979430866e-03 1.54839511232931076e-02
3.38858744176327026e-02 -2.43537906097754525e-02
-6.59549262327408046e-03 -6.70801431866460685e-03
-1.90947955629817562e-02 -3.46334780818777135e-03
3.73106044734971979e-03 -4.16582628398200986e-03
2.70872242889970633e-03 -5.37109888229148902e-02
-2.47088438808074212e-02 -2.48196079778604667e-02
-2.39111548319106320e-03 -1.45199780121687914e-02
-3.41956940355175668e-02 1.30510944007004529e-02
1.14977194104390733e-02 -3.65870707773543469e-02
5.79364836048496847e-03 -2.24628113009569088e-03
1.67607770674368384e-02 1.42816128841190826e-02
5.57662403100795973e-03 1.10067558611278479e-02
2.01004897930977360e-02 -1.71924918056426367e-02
-1.01507239286836807e-02 5.59979577022601087e-03
2.08014866125705161e-02 -7.08486914334557384e-03
5.70656884728537594e-03 -9.95981160464326455e-04
3.22229097069119397e-02 -2.48650162075284425e-02
1.87973230338301170e-02 -4.23289928531271967e-03
1.40703068000987367e-02 -1.44218920000953408e-02
3.30238551165318176e-03 -1.36443579789492161e-02
-1.71013975056749884e-03 -2.05696892776801657e-02
-2.06272583424493448e-03 -1.35705190008179547e-02
5.77376770655299229e-02 -5.42726011128523683e-03
6.23910350652365775e-02 -2.32136571303719168e-02
2.61022481980164346e-02 1.48842984804622696e-02
8.91479348196260943e-03 1.66290777027576775e-02
1.62586306906914516e-02 -6.78192231788646814e-03
3.17569908579679108e-02 -2.12531427614708647e-02
4.46179169509578546e-02 -3.38102477727449590e-03
2.88215422818426624e-02 -3.52025462481288381e-02
4.07444537873640003e-02 -3.24526665248671409e-03
3.59548869830367407e-02 -1.64522299416267892e-02
6.57924617570848375e-03 3.00438758270703439e-02
1.03805703790871996e-02 -1.64182431303403105e-02
2.48210719808362214e-02 -3.35002046733495762e-02
3.45403184445060643e-02 -4.07546561808805469e-02
2.20315916109630541e-02 5.72892560567375372e-04
2.25560953569481706e-02 -2.37644517360328864e-02
-1.07718349706652384e-02 -1.27355727940627137e-02
7.91585052044978428e-03 1.11791991177714466e-03
3.92137174485757342e-02 -1.33853486617823252e-02
2.20058870551958774e-02 4.48675014783043394e-03
2.30618128712307101e-02 -2.55172167833410853e-02
1.11313656139967743e-02 -8.42674484012942426e-03
3.69051146836809757e-02 -2.21098741420622663e-02
4.02386651220634425e-02 -1.44397054177371371e-02
1.14222084518666098e-02 -7.91853432778359852e-03
1.20526043890698525e-02 -7.57575135506639939e-03
1.17749485363310303e-02 -1.14015183332449237e-03
2.17576402209061458e-02 -3.18165564124305439e-02
1.09585453149780004e-02 -1.85781251604378965e-02
-7.38154791122479659e-03 4.80492122855067684e-03
2.12562987905094980e-02 -5.08035414859075996e-02
3.96888637697599689e-02 -1.99638017353120679e-02
4.15535567137214484e-02 -2.80492660383792614e-02
3.79736807858490066e-02 -2.02942468409352435e-02
-1.11663588266116241e-02 -2.17711722956851379e-02
-1.55474241929189798e-04 -6.86663939331416911e-05
4.95003231155213969e-02 -1.14024473778226321e-02
2.41195399116790575e-02 -1.45094991216156936e-02
2.28821967878120730e-02 -9.66019202927449229e-03
1.06907013789908651e-02 -1.05173261103368321e-02
-4.74999869653004638e-03 -1.73644426591836260e-03
2.00845843161157472e-02 2.11037393986740571e-03
1.64340933270215490e-02 6.78164759687772869e-03
-1.69255930578420567e-02 1.66417845654758651e-03
3.38913213643263003e-02 -4.20033469601173003e-03
6.15101476620610790e-03 -2.00094351956161126e-02
7.52389331502763270e-02 -3.20675614799334693e-02
2.79394792772887056e-02 -9.12593027425939035e-03
3.02077442421015479e-03 -4.28328996150638842e-03
-4.01512242579798399e-03 2.50969918999206648e-02
-1.04004110782306460e-02 -9.91644238458949263e-06
-4.82898636338363867e-03 -9.97025683500467330e-03
3.86195457673761157e-03 -9.29719870054853217e-04
1.85460980552115094e-02 8.36598636984418886e-03
1.64755694149596697e-02 -8.52719292801053415e-03
7.87155370744894523e-04 -7.48876708740078747e-03
-2.84177185179292861e-03 -1.40601251270530588e-02
-1.60189053096548503e-02 5.01331411774375794e-03
1.33947433767175081e-03 -1.71796938049372343e-02
3.03931043760604126e-02 2.86220320575586180e-03
2.79327589597636039e-02 -9.94018529121956998e-03
1.26265787171468795e-02 -4.18587028889266105e-03
6.63111641960704712e-02 -1.06491946238842731e-02
2.31534959792843269e-02 -2.23031738309968156e-02
-2.79275175971082507e-03 -8.30031288268895905e-03
2.27062614570782244e-02 -2.28445252136793842e-02
1.81114397267749840e-02 -2.00381255205228578e-02
-1.20201302587725611e-02 -6.08962925521500695e-04
-3.02091094807166059e-03 -2.16981122574343120e-02
4.07450901580052385e-02 -3.97825457705472651e-05
4.22472592309027922e-02 -1.30732370212639933e-03
5.16503499818542124e-03 -3.85557623332355923e-02
1.16364760193781794e-02 -1.40800336702740954e-02
3.39411873169563824e-02 -2.67671372135637083e-02
2.68663855771718620e-02 -1.18056706501165256e-02
7.64938859400379322e-03 -3.91671350393359430e-02
2.44849061010739312e-02 -2.51944168284485535e-02
7.34356281962370988e-02 1.03521143067156051e-02
3.96492700336960602e-02 2.11568574261289215e-03
-6.86231293610659824e-03 -1.47331256237779856e-02
-7.37366015042019538e-04 -1.95076548642812253e-03
3.92732273359021962e-04 -7.01048250968651625e-03
-5.67691900819837763e-03 4.05264335703169228e-03
-2.94033233892022601e-03 -1.14851800483541135e-02
1.53064330833620667e-02 -1.94486983420535560e-02
2.35574260312572288e-02 -2.30524494151228762e-02
3.92787268085163094e-02 -4.42287147329558858e-02
2.93587949825127852e-03 -2.82469146251171192e-02
-4.81621956179973006e-03 1.30265314944776078e-03
1.83945378341604016e-03 -1.24550547827760507e-02
-2.35928304534624884e-02 2.59664441678553320e-02
1.53931701676668694e-02 -2.68954145389256709e-02
5.06251516681095332e-02 -3.10706914260842522e-02
7.59391983187873987e-02 -2.90105093999475337e-02
1.63899800542314962e-02 -8.63901606619079873e-03
-4.08265370180065958e-03 -1.06540584850257532e-02
-8.47911757508005670e-04 -2.25600351544299055e-02
3.30129382910551925e-02 -2.83795399941816594e-02
1.60176211755968974e-02 -1.32094787504450865e-02
-2.20571695707883039e-04 -6.97490247551944831e-03
3.75373810448994469e-02 -1.21456238184523488e-02
1.45338162266049811e-02 7.11379767389757386e-03
4.32550752944240516e-02 1.37690976927627058e-02
2.11954487854184685e-02 -2.51454805915067407e-02
2.00517353500968103e-02 -1.98424414506787467e-02
3.83851134362977117e-02 -2.67636377477333091e-02
-7.49856816559343192e-03 -4.57047258952051477e-02
6.24049378444043769e-03 -7.34918618306440018e-03
2.57291723803737479e-02 -3.71404734970117540e-03
1.17343133396846763e-03 -5.82201509885951415e-03
7.40046346616116540e-02 3.94110973594242187e-02
-2.24644756649131907e-03 -3.00650415428527912e-02
6.52914521815415195e-03 2.19837308965047497e-03
6.98243078053967930e-03 7.08364062567141874e-03
5.16702314896214706e-03 1.45718360266618979e-02
-7.66928143118764984e-03 1.84517608174518183e-03
-4.84312578407457978e-03 -1.18280746747787841e-02
-3.44746851034696778e-03 -1.53222347589651014e-02
-2.72156645195146540e-02 -3.27012019639483231e-02
-5.78810057069459750e-03 -6.27587878172105283e-03
6.06551365426176176e-04 1.79615111489364772e-02
-7.85386172485864030e-03 3.75535918849475639e-02
2.89909249110110664e-03 1.34711700154706310e-02
9.07281284155902600e-04 -5.84014060580715939e-03
-1.50083803485079725e-02 -1.99209882175648070e-02
-7.00566323618917811e-03 -4.55555914005261354e-04
5.88698782689680913e-02 -7.09946241025233848e-02
3.67611895153951915e-02 -2.61138058130466651e-02
2.50448174829409013e-03 1.75187716548150067e-03
1.13021460396142866e-02 -6.59334993448044190e-03
3.63823224311123974e-02 -5.85165276530172189e-03
-1.02890758849321197e-03 3.27134773022880743e-02
1.53555809924113933e-02 -1.13786879037429903e-02
2.65346924658960044e-02 8.41964095123038845e-04
3.81907114419167554e-02 2.81725869725393298e-02
8.50815959699078445e-03 -2.09625220588925167e-02
1.70851865118187111e-02 -7.26216041834294723e-03
2.28185280656688499e-02 -9.81778041239857006e-03
5.41499449956636125e-02 8.54442337016663930e-03
2.68820418307522688e-03 -1.75922315262770287e-02
3.19888481931709309e-02 -4.97116113256595212e-03
3.64635356859085227e-02 1.67613956934090677e-03
5.01802795841088320e-02 4.50179576263610715e-02
3.51015506111801131e-03 -7.58286337273794079e-03
-2.38168123269213161e-02 -2.63651553457451143e-02
6.46003514838996875e-04 1.95495743436993712e-02
-3.47406264562841833e-03 -2.36767596668434749e-02
4.45042076302076990e-03 -1.73481968205849643e-02
1.98161470873224055e-02 1.58174671687627620e-03
-2.09633616966257499e-02 -1.26896719056972390e-02
7.05237896748924370e-02 1.05424444990415579e-02
4.79199856007224857e-03 -8.22894083172811229e-03
-1.79037653270381659e-02 -3.14037616356640514e-02
-1.23726030551926441e-03 1.65543197032500949e-02
-7.19754686253504250e-03 -3.60756179406464192e-02
2.44282677207647396e-02 -2.96877783306664679e-02
6.28235060086478198e-02 2.60622198334696936e-02
5.30162475484341825e-02 -5.14463951549831225e-02
4.63105204365365786e-02 3.28511492332389382e-02
-1.93673902106458718e-03 1.70094245858223229e-03
5.23719186744012605e-02 -3.09725462421957124e-03
8.64865503422040764e-03 -4.20900215781166986e-03
6.21817726134115609e-02 1.49854204189588096e-02
-2.49164190070565649e-03 -1.79504945310019828e-02
2.54415776136829516e-02 4.88180912152643039e-03
4.02635344194851794e-02 -8.96398776797917730e-04
3.56686399091053277e-02 3.87831203967249974e-02
-4.35301721161772057e-03 -6.04094895376609559e-03
5.73437051907744813e-02 -2.19833786361442723e-03
1.01360573730784088e-02 -2.29739492262800923e-02
7.61658445395923950e-02 -1.15500660184281075e-02
4.23582401467915981e-02 -4.04206799299684002e-03
3.64058430859085444e-02 -4.84560170336739877e-03
5.17797683381314780e-02 -7.31091966125624586e-03
3.98765440423188011e-02 1.30069583623595941e-01
