# n_qubits=10; one amplitude per line: real imag; index = sum_k x_k 2^(n-1-k), qubit 0 = most significant bit
4.41941738241592094e-02 0.00000000000000000e+00
-1.74348492914282875e-19 0.00000000000000000e+00
2.20970869120796047e-02 -2.20970869120796047e-02
2.20970869120796047e-02 2.20970869120796047e-02
3.77220869120796082e-02 -1.56249999999999983e-02
6.47208691207960818e-03 1.56249999999999983e-02
6.47208691207960818e-03 -1.56249999999999983e-02
3.77220869120796082e-02 1.56249999999999983e-02
4.25121332382729852e-02 -8.45618906478432485e-03
1.68204058588622548e-03 8.45618906478432485e-03
1.36408978472952781e-02 -2.04150463261933805e-02
3.05532759768639313e-02 2.04150463261933805e-02
3.05532759768639278e-02 -2.04150463261933805e-02
1.36408978472952816e-02 2.04150463261933805e-02
1.68204058588622548e-03 -8.45618906478432138e-03
4.25121332382729852e-02 8.45618906478432138e-03
4.37695844952381563e-02 -4.31092780129598268e-03
4.24589328921056526e-04 4.31092780129598268e-03
1.77861591107836212e-02 -2.16724975831585481e-02
2.64080147133755883e-02 2.16724975831585481e-02
3.43735706368780702e-02 -1.83730562878024785e-02
9.82060318728113744e-03 1.83730562878024785e-02
3.72403062427712752e-03 -1.22764837247984690e-02
4.04701431998820832e-02 1.22764837247984690e-02
4.04701431998820832e-02 -1.22764837247984707e-02
3.72403062427712969e-03 1.22764837247984707e-02
9.82060318728113571e-03 -1.83730562878024785e-02
3.43735706368780772e-02 1.83730562878024785e-02
2.64080147133755883e-02 -2.16724975831585516e-02
1.77861591107836212e-02 2.16724975831585516e-02
4.24589328921054087e-04 -4.31092780129598268e-03
4.37695844952381563e-02 4.31092780129598268e-03
4.40877703109293292e-02 -2.16589326873580651e-03
1.06403513229883157e-04 2.16589326873580651e-03
1.99311936433437982e-02 -2.19906833988497211e-02
2.42629801808154147e-02 2.19906833988497211e-02
3.61153304486832930e-02 -1.70812791719024588e-02
8.07884337547591820e-03 1.70812791719024588e-02
5.01580774017714413e-03 -1.40182435366036865e-02
3.91783660839820705e-02 1.40182435366036865e-02
4.15849777399963372e-02 -1.04164946637147898e-02
2.60919608416287311e-03 1.04164946637147898e-02
1.16805922483648131e-02 -1.94878908279167325e-02
3.25135815757943980e-02 1.94878908279167325e-02
2.85115326546164297e-02 -2.11455937683492634e-02
1.56826411695427798e-02 2.11455937683492634e-02
9.51493143730343469e-04 -6.41444574253682582e-03
4.32426806804288646e-02 6.41444574253682582e-03
4.32426806804288646e-02 -6.41444574253684230e-03
9.51493143730343469e-04 6.41444574253684230e-03
1.56826411695427624e-02 -2.11455937683492634e-02
2.85115326546164470e-02 2.11455937683492634e-02
3.25135815757943911e-02 -1.94878908279167498e-02
1.16805922483648184e-02 1.94878908279167498e-02
2.60919608416285836e-03 -1.04164946637147846e-02
4.15849777399963511e-02 1.04164946637147846e-02
3.91783660839820636e-02 -1.40182435366036987e-02
5.01580774017714674e-03 1.40182435366036987e-02
8.07884337547590606e-03 -1.70812791719024588e-02
3.61153304486832999e-02 1.70812791719024588e-02
2.42629801808154043e-02 -2.19906833988497349e-02
1.99311936433438086e-02 2.19906833988497349e-02
1.06403513229870892e-04 -2.16589326873579523e-03
4.40877703109293362e-02 2.16589326873579523e-03
4.41675569152355021e-02 -1.08425266418657245e-03
2.66169089237089424e-05 1.08425266418657245e-03
2.10128342478930301e-02 -2.20704700031558974e-02
2.31813395762661793e-02 2.20704700031558974e-02
3.69365835039195192e-02 -1.63728614145717266e-02
7.25759032023969453e-03 1.63728614145717266e-02
5.72422549750787810e-03 -1.48394965918399128e-02
3.84699483266513348e-02 1.48394965918399128e-02
4.20726168898177405e-02 -9.44772205923126093e-03
2.12155693434147282e-03 9.44772205923126093e-03
1.26493648528483438e-02 -1.99755299777381323e-02
3.15448089713108656e-02 1.99755299777381323e-02
2.95413712822852476e-02 -2.08053810399019580e-02
1.46528025418739653e-02 2.08053810399019580e-02
1.29170587217764779e-03 -7.44428437020563938e-03
4.29024679519815627e-02 7.44428437020563938e-03
4.35319518213529433e-02 -5.36915415323516079e-03
6.62222002806265274e-04 5.36915415323516079e-03
1.67279327588444431e-02 -2.14348649092733386e-02
2.74662410653147664e-02 2.14348649092733386e-02
3.34572599322558520e-02 -1.89533036421532519e-02
1.07369138919033557e-02 1.89533036421532519e-02
3.14378326992635539e-03 -1.13601730201762490e-02
4.10503905542328532e-02 1.13601730201762490e-02
3.98456335436443362e-02 -1.31632193048346752e-02
4.34854028051487665e-03 1.31632193048346752e-02
8.93386760724492954e-03 -1.77485466315647281e-02
3.52603062169142764e-02 1.77485466315647281e-02
2.53394029587704107e-02 -2.18579193120793484e-02
1.88547708653888021e-02 2.18579193120793484e-02
2.39167600000256573e-04 -3.24231604669080386e-03
4.39550062241589531e-02 3.24231604669080386e-03
4.39550062241589531e-02 -3.24231604669080516e-03
2.39167600000256573e-04 3.24231604669080516e-03
1.88547708653888021e-02 -2.18579193120793484e-02
2.53394029587704107e-02 2.18579193120793484e-02
3.52603062169142834e-02 -1.77485466315647315e-02
8.93386760724492607e-03 1.77485466315647315e-02
4.34854028051487405e-03 -1.31632193048346786e-02
3.98456335436443362e-02 1.31632193048346786e-02
4.10503905542328532e-02 -1.13601730201762490e-02
3.14378326992635539e-03 1.13601730201762490e-02
1.07369138919033557e-02 -1.89533036421532519e-02
3.34572599322558520e-02 1.89533036421532519e-02
2.74662410653147698e-02 -2.14348649092733420e-02
1.67279327588444396e-02 2.14348649092733420e-02
6.62222002806262780e-04 -5.36915415323516425e-03
4.35319518213529502e-02 5.36915415323516425e-03
4.29024679519815696e-02 -7.44428437020564025e-03
1.29170587217764302e-03 7.44428437020564025e-03
1.46528025418739653e-02 -2.08053810399019615e-02
2.95413712822852476e-02 2.08053810399019615e-02
3.15448089713108726e-02 -1.99755299777381393e-02
1.26493648528483420e-02 1.99755299777381393e-02
2.12155693434146544e-03 -9.44772205923126440e-03
4.20726168898177474e-02 9.44772205923126440e-03
3.84699483266513348e-02 -1.48394965918399093e-02
5.72422549750787810e-03 1.48394965918399093e-02
7.25759032023969627e-03 -1.63728614145717266e-02
3.69365835039195192e-02 1.63728614145717266e-02
2.31813395762661793e-02 -2.20704700031559009e-02
2.10128342478930301e-02 2.20704700031559009e-02
2.66169089237040364e-05 -1.08425266418657440e-03
4.41675569152355021e-02 1.08425266418657440e-03
4.41875185947129406e-02 -5.42289659600004009e-04
6.65522944626797043e-06 5.42289659600004009e-04
2.15547972524796003e-02 -2.20904316826333359e-02
2.26393765716796092e-02 2.20904316826333359e-02
3.73339242585372863e-02 -1.60037507377986978e-02
6.86024956562192485e-03 1.60037507377986978e-02
6.09333617428090956e-03 -1.52368373464576816e-02
3.81008376498783025e-02 1.52368373464576816e-02
4.22984593397315867e-02 -8.95465253593360697e-03
1.89571448442762296e-03 8.95465253593360697e-03
1.31424343761459960e-02 -2.02013724276519820e-02
3.10517394480132151e-02 2.02013724276519820e-02
3.00497188136193000e-02 -2.06164229641956354e-02
1.41444550105399094e-02 2.06164229641956354e-02
1.48066394788397130e-03 -7.95263190153969353e-03
4.27135098762752366e-02 7.95263190153969353e-03
4.36572616798421714e-02 -4.84149914629078328e-03
5.36912144317040264e-04 4.84149914629078328e-03
1.72555877657888206e-02 -2.15601747677625633e-02
2.69385860583703889e-02 2.15601747677625633e-02
3.39189758164805191e-02 -1.86688026593031069e-02
1.02751980076786920e-02 1.86688026593031069e-02
3.42828425277649958e-03 -1.18218889044009144e-02
4.07658895713827116e-02 1.18218889044009144e-02
4.01633295862865169e-02 -1.27236836504475009e-02
4.03084423787269594e-03 1.27236836504475009e-02
9.37340326163210551e-03 -1.80662426742069088e-02
3.48207705625271022e-02 1.80662426742069088e-02
2.58748466266692650e-02 -2.17717656963973306e-02
1.83193271974899478e-02 2.17717656963973306e-02
3.25321215682275206e-04 -3.77775971458965730e-03
4.38688526084769354e-02 3.77775971458965730e-03
4.40279934465676176e-02 -2.70491932884343086e-03
1.66180377591590981e-04 2.70491932884343086e-03
1.93921675832361730e-02 -2.19309065344880129e-02
2.48020062409230399e-02 2.19309065344880129e-02
3.56919128401966892e-02 -1.74201595280925985e-02
8.50226098396252017e-03 1.74201595280925985e-02
4.67692738398700712e-03 -1.35948259281170845e-02
3.95172464401722032e-02 1.35948259281170845e-02
4.13234747756786383e-02 -1.08916141925084631e-02
2.87069904848057025e-03 1.08916141925084631e-02
1.12054727195711398e-02 -1.92263878635990371e-02
3.29887011045880696e-02 1.92263878635990371e-02
2.79906618945628405e-02 -2.12966434896639939e-02
1.62035119295963689e-02 2.12966434896639939e-02
8.00443422415609727e-04 -5.89357498248323491e-03
4.33937304017436021e-02 5.89357498248323491e-03
4.30788936441127562e-02 -6.93145268032670583e-03
1.11528018004645535e-03 6.93145268032670583e-03
1.51656342317528989e-02 -2.09818067320331515e-02
2.90285395924063140e-02 2.09818067320331515e-02
3.20321875401131176e-02 -1.97376550154988832e-02
1.21619862840460970e-02 1.97376550154988832e-02
2.35943189658072193e-03 -9.93510062803350941e-03
4.18347419275784879e-02 9.93510062803350941e-03
3.88291966039289380e-02 -1.44332170793597375e-02
5.36497722023027233e-03 1.44332170793597375e-02
7.66386983271986899e-03 -1.67321096918493332e-02
3.65303039914393474e-02 1.67321096918493332e-02
2.37226494675906591e-02 -2.20372138978165849e-02
2.04715243565685538e-02 2.20372138978165849e-02
5.98730142630198432e-05 -1.62556255551105219e-03
4.41343008098961861e-02 1.62556255551105219e-03
4.41343008098961861e-02 -1.62556255551106650e-03
5.98730142630198432e-05 1.62556255551106650e-03
2.04715243565685365e-02 -2.20372138978165849e-02
2.37226494675906764e-02 2.20372138978165849e-02
3.65303039914393335e-02 -1.67321096918493471e-02
7.66386983271987853e-03 1.67321096918493471e-02
5.36497722023025758e-03 -1.44332170793597270e-02
3.88291966039289588e-02 1.44332170793597270e-02
4.18347419275784810e-02 -9.93510062803352849e-03
2.35943189658072931e-03 9.93510062803352849e-03
1.21619862840460762e-02 -1.97376550154988763e-02
3.20321875401131315e-02 1.97376550154988763e-02
2.90285395924062967e-02 -2.09818067320331585e-02
1.51656342317529162e-02 2.09818067320331585e-02
1.11528018004644560e-03 -6.93145268032668762e-03
4.30788936441127632e-02 6.93145268032668762e-03
4.33937304017436021e-02 -5.89357498248324879e-03
8.00443422415609727e-04 5.89357498248324879e-03
1.62035119295963551e-02 -2.12966434896639939e-02
2.79906618945628544e-02 2.12966434896639939e-02
3.29887011045880627e-02 -1.92263878635990475e-02
1.12054727195711485e-02 1.92263878635990475e-02
2.87069904848055810e-03 -1.08916141925084545e-02
4.13234747756786522e-02 1.08916141925084545e-02
3.95172464401722032e-02 -1.35948259281171019e-02
4.67692738398701232e-03 1.35948259281171019e-02
8.50226098396250282e-03 -1.74201595280925915e-02
3.56919128401967031e-02 1.74201595280925915e-02
2.48020062409230226e-02 -2.19309065344880268e-02
1.93921675832361903e-02 2.19309065344880268e-02
1.66180377591578730e-04 -2.70491932884341568e-03
4.40279934465676315e-02 2.70491932884341568e-03
4.38688526084769423e-02 -3.77775971458967075e-03
3.25321215682270327e-04 3.77775971458967075e-03
1.83193271974899340e-02 -2.17717656963973341e-02
2.58748466266692789e-02 2.17717656963973341e-02
3.48207705625271022e-02 -1.80662426742069226e-02
9.37340326163210551e-03 1.80662426742069226e-02
4.03084423787268119e-03 -1.27236836504475009e-02
4.01633295862865308e-02 1.27236836504475009e-02
4.07658895713827046e-02 -1.18218889044009266e-02
3.42828425277650435e-03 1.18218889044009266e-02
1.02751980076786799e-02 -1.86688026593031034e-02
3.39189758164805330e-02 1.86688026593031034e-02
2.69385860583703785e-02 -2.15601747677625771e-02
1.72555877657888310e-02 2.15601747677625771e-02
5.36912144317028012e-04 -4.84149914629077287e-03
4.36572616798421784e-02 4.84149914629077287e-03
4.27135098762752435e-02 -7.95263190153971088e-03
1.48066394788396631e-03 7.95263190153971088e-03
1.41444550105398921e-02 -2.06164229641956388e-02
3.00497188136193173e-02 2.06164229641956388e-02
3.10517394480132082e-02 -2.02013724276519993e-02
1.31424343761460029e-02 2.02013724276519993e-02
1.89571448442760822e-03 -8.95465253593360003e-03
4.22984593397316005e-02 8.95465253593360003e-03
3.81008376498783025e-02 -1.52368373464576989e-02
6.09333617428090956e-03 1.52368373464576989e-02
6.86024956562190751e-03 -1.60037507377986978e-02
3.73339242585373071e-02 1.60037507377986978e-02
2.26393765716795953e-02 -2.20904316826333498e-02
2.15547972524796141e-02 2.20904316826333498e-02
6.65522944625325070e-06 -5.42289659599990456e-04
4.41875185947129545e-02 5.42289659599990456e-04
4.41925099541544686e-02 -2.71165248044463790e-04
1.66387000474104149e-06 2.71165248044463790e-04
2.18259216640351410e-02 -2.20954230420748639e-02
2.23682521601240684e-02 2.20954230420748639e-02
3.75291675926018656e-02 -1.58155662519510049e-02
6.66500623155734558e-03 1.58155662519510049e-02
6.28152066012860073e-03 -1.54320806805222609e-02
3.79126531640306130e-02 1.54320806805222609e-02
4.24068255749710590e-02 -8.70607635189652763e-03
1.78734824918815060e-03 8.70607635189652763e-03
1.33910105601830753e-02 -2.03097386628914543e-02
3.08031632639761375e-02 2.03097386628914543e-02
3.03021152187828817e-02 -2.05172795586110283e-02
1.38920586053763312e-02 2.05172795586110283e-02
1.57980735346857897e-03 -8.20502830670327352e-03
4.26143664706906330e-02 8.20502830670327352e-03
4.37150508804684187e-02 -4.57655808019986725e-03
4.79122943690792459e-04 4.57655808019986725e-03
1.75205288318797357e-02 -2.16179639683888140e-02
2.66736449922794737e-02 2.16179639683888140e-02
3.41471805765703670e-02 -1.85223241704975949e-02
1.00469932475888406e-02 1.85223241704975949e-02
3.57476274158201194e-03 -1.20500936644907658e-02
4.06194110825771962e-02 1.20500936644907658e-02
4.03181084024914413e-02 -1.25010249918136741e-02
3.87606542166777160e-03 1.25010249918136741e-02
9.59606192026593238e-03 -1.82210214904118331e-02
3.45981119038932736e-02 1.82210214904118331e-02
2.61417352246016664e-02 -2.17237673995099717e-02
1.80524385995575430e-02 2.17237673995099717e-02
3.73319512569632729e-04 -4.04464831252206169e-03
4.38208543115895799e-02 4.04464831252206169e-03
4.40595356107433625e-02 -2.43558969421418629e-03
1.34638213415848708e-04 2.43558969421418629e-03
1.96614972178654202e-02 -2.19624486986637578e-02
2.45326766062937927e-02 2.19624486986637578e-02
3.59046613293994912e-02 -1.72520183952537334e-02
8.28951249475971819e-03 1.72520183952537334e-02
4.84506851682587215e-03 -1.38075744173198865e-02
3.93491053073333416e-02 1.38075744173198865e-02
4.14556839245892733e-02 -1.06548567192267553e-02
2.73848989956994087e-03 1.06548567192267553e-02
1.14422301928528477e-02 -1.93585970125096651e-02
3.27519436313063600e-02 1.93585970125096651e-02
2.82515606951465395e-02 -2.12227166605395146e-02
1.59426131290126699e-02 2.12227166605395146e-02
8.74370251540092214e-04 -6.15447378306693479e-03
4.33198035726191158e-02 6.15447378306693479e-03
4.31623733395966880e-02 -6.67345171007208918e-03
1.03180048456252165e-03 6.67345171007208918e-03
1.54236352020075147e-02 -2.10652864275170833e-02
2.87705386221516965e-02 2.10652864275170833e-02
3.22736508345009415e-02 -1.96142498386472110e-02
1.19205229896582714e-02 1.96142498386472110e-02
2.48283707343239460e-03 -1.01765639224213333e-02
4.17113367507268157e-02 1.01765639224213333e-02
3.90050544828173806e-02 -1.42268015599740297e-02
5.18911934134183486e-03 1.42268015599740297e-02
7.87028535210557503e-03 -1.69079675707377690e-02
3.63238884720536309e-02 1.69079675707377690e-02
2.39929575797775303e-02 -2.20156063830039030e-02
2.02012162443816826e-02 2.20156063830039030e-02
8.14805290757028035e-05 -1.89587066769792150e-03
4.41126932950835077e-02 1.89587066769792150e-03
4.41525896013550898e-02 -1.35500963958261962e-03
4.15842228041224217e-05 1.35500963958261962e-03
2.07420772724969844e-02 -2.20555026892754816e-02
2.34520965516622285e-02 2.20555026892754816e-02
3.67345459214224249e-02 -1.65537320187868417e-02
7.45962790273678716e-03 1.65537320187868417e-02
5.54335489329276388e-03 -1.46374590093428202e-02
3.86508189308664499e-02 1.46374590093428202e-02
4.19551746861856131e-02 -9.69214114403529198e-03
2.23899913797360019e-03 9.69214114403529198e-03
1.24049457680443127e-02 -1.98580877741060050e-02
3.17892280561149002e-02 1.98580877741060050e-02
2.92854967113831376e-02 -2.08951672536325239e-02
1.49086771127760753e-02 2.08951672536325239e-02
1.20191965844708122e-03 -7.18840979930352938e-03
4.29922541657121321e-02 7.18840979930352938e-03
4.34644500346937288e-02 -5.63178863118545849e-03
7.29723789465479148e-04 5.63178863118545849e-03
1.64652982808941445e-02 -2.13673631226141275e-02
2.77288755432650649e-02 2.13673631226141275e-02
3.32238183408348764e-02 -1.90912832913963590e-02
1.09703554833243348e-02 1.90912832913963590e-02
3.00580362068324876e-03 -1.11267314287552700e-02
4.11883702034759602e-02 1.11267314287552700e-02
3.96827641610625129e-02 -1.33800301081352171e-02
4.51140966309670176e-03 1.33800301081352171e-02
8.71705680394438756e-03 -1.75856772489829012e-02
3.54771170202148184e-02 1.75856772489829012e-02
2.50709285246508221e-02 -2.18960616564563906e-02
1.91232452995083908e-02 2.18960616564563906e-02
2.01025255623214105e-04 -2.97384161257121561e-03
4.39931485685359988e-02 2.97384161257121561e-03
4.39135721575332622e-02 -3.51030219993993730e-03
2.80601666625950789e-04 3.51030219993993730e-03
1.85867847121396687e-02 -2.18164852454536540e-02
2.56073891120195442e-02 2.18164852454536540e-02
3.50415130812045603e-02 -1.79087431483081240e-02
9.15266074295465089e-03 1.79087431483081240e-02
4.18834376377147811e-03 -1.29444261691249556e-02
4.00058300603877356e-02 1.29444261691249556e-02
4.09095566071769751e-02 -1.15919038113263886e-02
3.28461721698223999e-03 1.15919038113263886e-02
1.05051831007532161e-02 -1.88124696950973669e-02
3.36889907234059899e-02 1.88124696950973669e-02
2.72027980124982943e-02 -2.14991386841208443e-02
1.69913758116609151e-02 2.14991386841208443e-02
5.97948227958760214e-04 -5.10571110041868961e-03
4.35962255962004525e-02 5.10571110041868961e-03
4.28095485243946000e-02 -7.69903785926383082e-03
1.38462529976461179e-03 7.69903785926383082e-03
1.43980490528157739e-02 -2.07124616123149953e-02
2.97961247713434373e-02 2.07124616123149953e-02
3.12989670943161699e-02 -2.00899639400314023e-02
1.28952067298430412e-02 2.00899639400314023e-02
2.00712297204820285e-03 -9.20188018223656347e-03
4.21870508521110105e-02 9.20188018223656347e-03
3.82866120297313053e-02 -1.50392994007342330e-02
5.90756179442791188e-03 1.50392994007342330e-02
7.05778751134537256e-03 -1.61895251176516937e-02
3.71363863128138377e-02 1.61895251176516937e-02
2.29104193164070997e-02 -2.20821135854354055e-02
2.12837545077521097e-02 2.20821135854354055e-02
1.49733266441996617e-05 -8.13332404327492438e-04
4.41792004975150102e-02 8.13332404327492438e-04
4.41792004975150102e-02 -8.13332404327497208e-04
1.49733266441972087e-05 8.13332404327497208e-04
2.12837545077521062e-02 -2.20821135854354089e-02
2.29104193164071032e-02 2.20821135854354089e-02
3.71363863128138377e-02 -1.61895251176516972e-02
7.05778751134537256e-03 1.61895251176516972e-02
5.90756179442790668e-03 -1.50392994007342330e-02
3.82866120297313053e-02 1.50392994007342330e-02
4.21870508521110035e-02 -9.20188018223657214e-03
2.00712297204820546e-03 9.20188018223657214e-03
1.28952067298430326e-02 -2.00899639400314023e-02
3.12989670943161769e-02 2.00899639400314023e-02
2.97961247713434373e-02 -2.07124616123149988e-02
1.43980490528157774e-02 2.07124616123149988e-02
1.38462529976460702e-03 -7.69903785926382821e-03
4.28095485243946000e-02 7.69903785926382821e-03
4.35962255962004525e-02 -5.10571110041869482e-03
5.97948227958757829e-04 5.10571110041869482e-03
1.69913758116609082e-02 -2.14991386841208477e-02
2.72027980124983013e-02 2.14991386841208477e-02
3.36889907234059968e-02 -1.88124696950973704e-02
1.05051831007532143e-02 1.88124696950973704e-02
3.28461721698223479e-03 -1.15919038113263904e-02
4.09095566071769751e-02 1.15919038113263904e-02
4.00058300603877287e-02 -1.29444261691249556e-02
4.18834376377148331e-03 1.29444261691249556e-02
9.15266074295465089e-03 -1.79087431483081205e-02
3.50415130812045603e-02 1.79087431483081205e-02
2.56073891120195407e-02 -2.18164852454536540e-02
1.85867847121396722e-02 2.18164852454536540e-02
2.80601666625950789e-04 -3.51030219993993340e-03
4.39135721575332622e-02 3.51030219993993340e-03
4.39931485685359849e-02 -2.97384161257122168e-03
2.01025255623221477e-04 2.97384161257122168e-03
1.91232452995083839e-02 -2.18960616564563837e-02
2.50709285246508290e-02 2.18960616564563837e-02
3.54771170202148114e-02 -1.75856772489829082e-02
8.71705680394439797e-03 1.75856772489829082e-02
4.51140966309669482e-03 -1.33800301081352067e-02
3.96827641610625198e-02 1.33800301081352067e-02
4.11883702034759533e-02 -1.11267314287552734e-02
3.00580362068325830e-03 1.11267314287552734e-02
1.09703554833243313e-02 -1.90912832913963486e-02
3.32238183408348764e-02 1.90912832913963486e-02
2.77288755432650511e-02 -2.13673631226141275e-02
1.64652982808941584e-02 2.13673631226141275e-02
7.29723789465479148e-04 -5.63178863118544634e-03
4.34644500346937288e-02 5.63178863118544634e-03
4.29922541657121252e-02 -7.18840979930354240e-03
1.20191965844708621e-03 7.18840979930354240e-03
1.49086771127760632e-02 -2.08951672536325204e-02
2.92854967113831514e-02 2.08951672536325204e-02
3.17892280561148863e-02 -1.98580877741060119e-02
1.24049457680443249e-02 1.98580877741060119e-02
2.23899913797359542e-03 -9.69214114403527983e-03
4.19551746861856131e-02 9.69214114403527983e-03
3.86508189308664429e-02 -1.46374590093428271e-02
5.54335489329277169e-03 1.46374590093428271e-02
7.45962790273677935e-03 -1.65537320187868348e-02
3.67345459214224318e-02 1.65537320187868348e-02
2.34520965516622146e-02 -2.20555026892754850e-02
2.07420772724969983e-02 2.20555026892754850e-02
4.15842228041199687e-05 -1.35500963958260661e-03
4.41525896013550898e-02 1.35500963958260661e-03
4.41126932950835146e-02 -1.89587066769793147e-03
8.14805290756929915e-05 1.89587066769793147e-03
2.02012162443816722e-02 -2.20156063830039134e-02
2.39929575797775407e-02 2.20156063830039134e-02
3.63238884720536379e-02 -1.69079675707377829e-02
7.87028535210557330e-03 1.69079675707377829e-02
5.18911934134182011e-03 -1.42268015599740314e-02
3.90050544828173945e-02 1.42268015599740314e-02
4.17113367507268226e-02 -1.01765639224213472e-02
2.48283707343238940e-03 1.01765639224213472e-02
1.19205229896582575e-02 -1.96142498386472179e-02
3.22736508345009554e-02 1.96142498386472179e-02
2.87705386221516965e-02 -2.10652864275170972e-02
1.54236352020075181e-02 2.10652864275170972e-02
1.03180048456250691e-03 -6.67345171007208658e-03
4.31623733395967019e-02 6.67345171007208658e-03
4.33198035726191227e-02 -6.15447378306693653e-03
8.74370251540084842e-04 6.15447378306693653e-03
1.59426131290126664e-02 -2.12227166605395215e-02
2.82515606951465430e-02 2.12227166605395215e-02
3.27519436313063669e-02 -1.93585970125096755e-02
1.14422301928528425e-02 1.93585970125096755e-02
2.73848989956993133e-03 -1.06548567192267605e-02
4.14556839245892803e-02 1.06548567192267605e-02
3.93491053073333485e-02 -1.38075744173198917e-02
4.84506851682586694e-03 1.38075744173198917e-02
8.28951249475971298e-03 -1.72520183952537369e-02
3.59046613293994982e-02 1.72520183952537369e-02
2.45326766062937962e-02 -2.19624486986637682e-02
1.96614972178654167e-02 2.19624486986637682e-02
1.34638213415836429e-04 -2.43558969421418890e-03
4.40595356107433764e-02 2.43558969421418890e-03
4.38208543115895799e-02 -4.04464831252207124e-03
3.73319512569630235e-04 4.04464831252207124e-03
1.80524385995575326e-02 -2.17237673995099752e-02
2.61417352246016768e-02 2.17237673995099752e-02
3.45981119038932736e-02 -1.82210214904118435e-02
9.59606192026593238e-03 1.82210214904118435e-02
3.87606542166776206e-03 -1.25010249918136741e-02
4.03181084024914482e-02 1.25010249918136741e-02
4.06194110825772031e-02 -1.20500936644907762e-02
3.57476274158200933e-03 1.20500936644907762e-02
1.00469932475888302e-02 -1.85223241704975984e-02
3.41471805765703809e-02 1.85223241704975984e-02
2.66736449922794702e-02 -2.16179639683888279e-02
1.75205288318797392e-02 2.16179639683888279e-02
4.79122943690777714e-04 -4.57655808019986291e-03
4.37150508804684326e-02 4.57655808019986291e-03
4.26143664706906330e-02 -8.20502830670328392e-03
1.57980735346857897e-03 8.20502830670328392e-03
1.38920586053763190e-02 -2.05172795586110283e-02
3.03021152187828921e-02 2.05172795586110283e-02
3.08031632639761271e-02 -2.03097386628914613e-02
1.33910105601830823e-02 2.03097386628914613e-02
1.78734824918814561e-03 -8.70607635189652070e-03
4.24068255749710660e-02 8.70607635189652070e-03
3.79126531640306130e-02 -1.54320806805222678e-02
6.28152066012860073e-03 1.54320806805222678e-02
6.66500623155733777e-03 -1.58155662519510049e-02
3.75291675926018725e-02 1.58155662519510049e-02
2.23682521601240615e-02 -2.20954230420748743e-02
2.18259216640351479e-02 2.20954230420748743e-02
1.66387000472877518e-06 -2.71165248044455659e-04
4.41925099541544825e-02 2.71165248044455659e-04
4.41937578527427516e-02 -1.35585176374862114e-04
4.15971416456002291e-07 1.35585176374862114e-04
2.19615017357047415e-02 -2.20966709406631504e-02
2.22326720884544679e-02 2.20966709406631504e-02
3.76259195782272099e-02 -1.57205790614336829e-02
6.56825424593200473e-03 1.57205790614336829e-02
6.37650785064592263e-03 -1.55288326661476017e-02
3.78176659735132911e-02 1.55288326661476017e-02
4.24598627301222484e-02 -8.58129424877958000e-03
1.73431109403696191e-03 8.58129424877958000e-03
1.35157926633000230e-02 -2.03627758180426437e-02
3.06783811608591882e-02 2.03627758180426437e-02
3.04278524221298467e-02 -2.04665482193885639e-02
1.37663214020293662e-02 2.04665482193885639e-02
1.63053869269104141e-03 -8.33076551005023855e-03
4.25636351314681721e-02 8.33076551005023855e-03
4.37427251608762321e-02 -4.44382659452774009e-03
4.51448663282974624e-04 4.44382659452774009e-03
1.76532603175518638e-02 -2.16456382487966309e-02
2.65409135066073457e-02 2.16456382487966309e-02
3.42606045815069191e-02 -1.84480375082426984e-02
9.93356924265228862e-03 1.84480375082426984e-02
3.64904940383690892e-03 -1.21635176694273178e-02
4.05451244203222996e-02 1.21635176694273178e-02
4.03944702442571232e-02 -1.23889875774960793e-02
3.79970357990208575e-03 1.23889875774960793e-02
9.70809933458352710e-03 -1.82973833321775220e-02
3.44860744895756841e-02 1.82973833321775220e-02
2.62749536161486566e-02 -2.16985409602358098e-02
1.79192202080105528e-02 2.16985409602358098e-02
3.98545951843796748e-04 -4.17786670406905102e-03
4.37956278723154110e-02 4.17786670406905102e-03
4.40740666712695975e-02 -2.30078479309852105e-03
1.20107152889614130e-04 2.30078479309852105e-03
1.97963021189810837e-02 -2.19769797591899893e-02
2.43978717051781292e-02 2.19769797591899893e-02
3.60102578005514901e-02 -1.71669719469735929e-02
8.18391602360771762e-03 1.71669719469735929e-02
4.93011496510601180e-03 -1.39131708884718871e-02
3.92640588590532011e-02 1.39131708884718871e-02
4.15206964762537198e-02 -1.05358740263218707e-02
2.67347734790549007e-03 1.05358740263218707e-02
1.15612128857577323e-02 -1.94236095641741151e-02
3.26329609384014771e-02 1.94236095641741151e-02
2.83816649802875916e-02 -2.11845540076868073e-02
1.58125088438716178e-02 2.11845540076868073e-02
9.12532904392798251e-04 -6.28457806820798600e-03
4.32816409197664120e-02 6.28457806820798600e-03
4.32029243214374706e-02 -6.54407191660893138e-03
9.91249502721737322e-04 6.54407191660893138e-03
1.55530149954706733e-02 -2.11058374093578693e-02
2.86411588286885378e-02 2.11058374093578693e-02
3.23938100380506480e-02 -1.95514383835842902e-02
1.18003637861085649e-02 1.95514383835842902e-02
2.54564852849531670e-03 -1.02967231259710398e-02
4.16485252956638949e-02 1.02967231259710398e-02
3.90920302084044810e-02 -1.41227884057894826e-02
5.10214361575472841e-03 1.41227884057894826e-02
7.97429850629012213e-03 -1.69949432963248763e-02
3.62198753178690838e-02 1.69949432963248763e-02
2.41280071117952848e-02 -2.20035591017086717e-02
2.00661667123639281e-02 2.20035591017086717e-02
9.35278103709316551e-05 -2.03092019971567788e-03
4.41006460137882764e-02 2.03092019971567788e-03
4.41604885955968474e-02 -1.21965411152857189e-03
3.36852285623628840e-05 1.21965411152857189e-03
2.08774328005510330e-02 -2.20634016835172427e-02
2.33167410236081764e-02 2.20634016835172427e-02
3.68358421655734375e-02 -1.64636066394216393e-02
7.35833165858578060e-03 1.64636066394216393e-02
5.63348027265796539e-03 -1.47387552534938258e-02
3.85606935515012475e-02 1.47387552534938258e-02
4.20142707233583032e-02 -9.57011175628256876e-03
2.17990310080090881e-03 9.57011175628256876e-03
1.25269751557970360e-02 -1.99171838112786985e-02
3.16671986683621717e-02 1.99171838112786985e-02
2.94135717275931935e-02 -2.08506666546745996e-02
1.47806020965660177e-02 2.08506666546745996e-02
1.24642025740500685e-03 -7.31648481551358705e-03
4.29477535667542043e-02 7.31648481551358705e-03
4.34986038055307639e-02 -5.50057493897907271e-03
6.95570018628442928e-04 5.50057493897907271e-03
1.65965119731005320e-02 -2.14015168934511626e-02
2.75976618510586774e-02 2.14015168934511626e-02
3.33407507953404902e-02 -1.90226515628146575e-02
1.08534230288187174e-02 1.90226515628146575e-02
3.07443534926494849e-03 -1.12436638832608873e-02
4.11197384748942657e-02 1.12436638832608873e-02
3.97645314370037653e-02 -1.32718745457726314e-02
4.42964238715544412e-03 1.32718745457726314e-02
8.82521236630697328e-03 -1.76674445249241606e-02
3.53689614578522327e-02 1.76674445249241606e-02
2.52052242515176661e-02 -2.18774023201839772e-02
1.89889495726415468e-02 2.18774023201839772e-02
2.19684591895629317e-04 -3.10813733943805749e-03
4.39744892322635819e-02 3.10813733943805749e-03
4.39347002777463747e-02 -3.37637268257695968e-03
2.59473546412832326e-04 3.37637268257695968e-03
1.87207142295026455e-02 -2.18376133656667734e-02
2.54734595946565674e-02 2.18376133656667734e-02
3.51511553882093847e-02 -1.78289805154561443e-02
9.04301843594982648e-03 1.78289805154561443e-02
4.26810639662345958e-03 -1.30540684761297782e-02
3.99260674275357524e-02 1.30540684761297782e-02
4.09803290524017733e-02 -1.14762544529981979e-02
3.21384477175743486e-03 1.14762544529981979e-02
1.06208324590814068e-02 -1.88832421403221720e-02
3.35733413650778009e-02 1.88832421403221720e-02
2.73346181339516499e-02 -2.14674059145467215e-02
1.68595556902075595e-02 2.14674059145467215e-02
6.29680997532882335e-04 -5.23753122187204257e-03
4.35644928266263262e-02 5.23753122187204257e-03
4.28563990263720260e-02 -7.57180365179868989e-03
1.33777479778718301e-03 7.57180365179868989e-03
1.45252832602809148e-02 -2.07593121142924213e-02
2.96688905638782981e-02 2.07593121142924213e-02
3.14220635728639022e-02 -2.00331240767841375e-02
1.27721102512953072e-02 2.00331240767841375e-02
2.06396283529546726e-03 -9.32497666078429752e-03
4.21302109888637422e-02 9.32497666078429752e-03
3.83785866728231367e-02 -1.49396792315266425e-02
5.81558715133607268e-03 1.49396792315266425e-02
7.15740768055296399e-03 -1.62814997607435320e-02
3.70367661436062506e-02 1.62814997607435320e-02
2.30458973074241895e-02 -2.20767073820732213e-02
2.11482765167350199e-02 2.20767073820732213e-02
2.03795300063820026e-05 -9.48810395344584128e-04
4.41737942941528294e-02 9.48810395344584128e-04
4.41837753217815613e-02 -6.77823791805074881e-04
1.03985023776458153e-05 6.77823791805074881e-04
2.14192631202745273e-02 -2.20866884097019600e-02
2.27749107038846821e-02 2.20866884097019600e-02
3.72354402608992413e-02 -1.60969409480895310e-02
6.95873356325997332e-03 1.60969409480895310e-02
6.00014596399007626e-03 -1.51383533488196314e-02
3.81940278601691358e-02 1.51383533488196314e-02
4.22431343395708175e-02 -9.07843725810088958e-03
1.95103948458838993e-03 9.07843725810088958e-03
1.30186496539787134e-02 -2.01460474274912163e-02
3.11755241701804978e-02 2.01460474274912163e-02
2.99230691143846962e-02 -2.06648312978645853e-02
1.42711047097745132e-02 2.06648312978645853e-02
1.43225561421501946e-03 -7.82598220230508977e-03
4.27619182099441900e-02 7.82598220230508977e-03
4.36271489353544789e-02 -4.97369875182816432e-03
5.67024888804734087e-04 4.97369875182816432e-03
1.71233881602514404e-02 -2.15300620232748707e-02
2.70707856639077690e-02 2.15300620232748707e-02
3.38042036531074619e-02 -1.87409889710213884e-02
1.03899701710517475e-02 1.87409889710213884e-02
3.35609794105821892e-03 -1.17071167410278572e-02
4.08380758831009896e-02 1.17071167410278572e-02
4.00849184391822363e-02 -1.28342965117910716e-02
4.10925538497697480e-03 1.28342965117910716e-02
9.26279040028853487e-03 -1.79878315271026282e-02
3.49313834238706711e-02 1.79878315271026282e-02
2.57411864684887262e-02 -2.17945357469017560e-02
1.84529873556704867e-02 2.17945357469017560e-02
3.02551165177847986e-04 -3.64409955640911934e-03
4.38916226589813607e-02 3.64409955640911934e-03
4.40109835304627467e-02 -2.83943392224848780e-03
1.83190293696461749e-04 2.83943392224848780e-03
1.92576529898311165e-02 -2.19138966183831420e-02
2.49365208343280964e-02 2.19138966183831420e-02
3.55847688320062513e-02 -1.75032478822326962e-02
8.60940499215295460e-03 1.75032478822326962e-02
4.59383902984690853e-03 -1.34876819199266501e-02
3.96003347943123044e-02 1.34876819199266501e-02
4.12562831560321711e-02 -1.10093800591002169e-02
2.93789066812703793e-03 1.10093800591002169e-02
1.10877068529793860e-02 -1.91591962439525698e-02
3.31064669711798251e-02 1.91591962439525698e-02
2.78598772018125787e-02 -2.13324048826324109e-02
1.63342966223466307e-02 2.13324048826324109e-02
7.64682029447195802e-04 -5.76279028973297313e-03
4.34294917947120121e-02 5.76279028973297313e-03
4.30359680734329550e-02 -7.06006414352744298e-03
1.15820575072625442e-03 7.06006414352744298e-03
1.50370227685521617e-02 -2.09388811613533503e-02
2.91571510556070529e-02 2.09388811613533503e-02
3.19108925402315641e-02 -1.97982440911524601e-02
1.22832812839276488e-02 1.97982440911524601e-02
2.29884282092714500e-03 -9.81380562815195590e-03
4.18953310032320683e-02 9.81380562815195590e-03
3.87403210715773563e-02 -1.45356116731332492e-02
5.45385275258186003e-03 1.45356116731332492e-02
7.56147523894635729e-03 -1.66432341594977447e-02
3.66326985852128556e-02 1.66432341594977447e-02
2.35874010643691949e-02 -2.20467733178233045e-02
2.06067727597900180e-02 2.20467733178233045e-02
5.03135942563005443e-05 -1.49031415228958694e-03
4.41438602299029093e-02 1.49031415228958694e-03
4.41239117012416984e-02 -1.76074975722108513e-03
7.02621229175107907e-05 1.76074975722108513e-03
2.03363371548585178e-02 -2.20268247891620937e-02
2.38578366693006950e-02 2.20268247891620937e-02
3.64273659952004669e-02 -1.68203552697280614e-02
7.76680782895874076e-03 1.68203552697280614e-02
5.27673164235154413e-03 -1.43302790831208657e-02
3.89174421818076696e-02 1.43302790831208657e-02
4.17734097403693397e-02 -1.00560215769917739e-02
2.42076408378987321e-03 1.00560215769917739e-02
1.20410653350878326e-02 -1.96763228282897315e-02
3.21531084890713803e-02 1.96763228282897315e-02
2.88996671639298215e-02 -2.10239423495484599e-02
1.52945066602293931e-02 2.10239423495484599e-02
1.07314456253114455e-03 -6.80258025185021160e-03
4.31210292616280647e-02 6.80258025185021160e-03
4.33571672021846946e-02 -6.02413778546647544e-03
8.37006621974516218e-04 6.02413778546647544e-03
1.60729491266131293e-02 -2.12600802901050899e-02
2.81212246975460801e-02 2.12600802901050899e-02
3.28705251748779223e-02 -1.92928556206092283e-02
1.13236486492812888e-02 1.92928556206092283e-02
2.80423129147037639e-03 -1.07734382627983141e-02
4.13899425326888365e-02 1.07734382627983141e-02
3.94335022268717805e-02 -1.37014580987951575e-02
4.76067159728743149e-03 1.37014580987951575e-02
8.39562881328444720e-03 -1.73364153147921723e-02
3.57985450108747605e-02 1.73364153147921723e-02
2.46673898088340705e-02 -2.19470907643572605e-02
1.95267840153251424e-02 2.19470907643572605e-02
1.49996147722344534e-04 -2.57030289675446236e-03
4.40441776764368617e-02 2.57030289675446236e-03
4.38452628632994695e-02 -3.91127764225214763e-03
3.48910960859736847e-04 3.91127764225214763e-03
1.81858092698274562e-02 -2.17481759512198683e-02
2.60083645543317532e-02 2.17481759512198683e-02
3.47096786616855404e-02 -1.81439736374855859e-02
9.48449516247366724e-03 1.81439736374855859e-02
3.95311327459401708e-03 -1.26125917496059392e-02
4.02410605495651941e-02 1.26125917496059392e-02
4.06930003897959455e-02 -1.19362159803384858e-02
3.50117343436326910e-03 1.19362159803384858e-02
1.01608709317411207e-02 -1.85959134777163373e-02
3.40333028924180922e-02 1.85959134777163373e-02
2.68062041731265618e-02 -2.15894757838561123e-02
1.73879696510326476e-02 2.15894757838561123e-02
5.07611128223492956e-04 -4.70911726104695626e-03
4.36865626959357170e-02 4.70911726104695626e-03
4.26643253459341246e-02 -8.07898218867806293e-03
1.52984847822508810e-03 8.07898218867806293e-03
1.40181047234015400e-02 -2.05672384338545164e-02
3.01760691007576694e-02 2.05672384338545164e-02
3.09276175882391285e-02 -2.02559368575587137e-02
1.32665562359200826e-02 2.02559368575587137e-02
1.84115005452089274e-03 -8.83053067615952036e-03
4.23530237696383149e-02 8.83053067615952036e-03
3.80070449074175476e-02 -1.53347476857815454e-02
6.18712891674166442e-03 1.53347476857815454e-02
6.76233922629806104e-03 -1.59099579953379394e-02
3.74318345978611536e-02 1.59099579953379394e-02
2.25038220225753441e-02 -2.20933432632974304e-02
2.16903518015838653e-02 2.20933432632974304e-02
3.74364878217362965e-06 -4.06735110495738130e-04
4.41904301753770351e-02 4.06735110495738130e-04
4.41904301753770351e-02 -4.06735110495748647e-04
3.74364878217117664e-06 4.06735110495748647e-04
2.16903518015838549e-02 -2.20933432632974339e-02
2.25038220225753545e-02 2.20933432632974339e-02
3.74318345978611466e-02 -1.59099579953379498e-02
6.76233922629806625e-03 1.59099579953379498e-02
6.18712891674165748e-03 -1.53347476857815402e-02
3.80070449074175545e-02 1.53347476857815402e-02
4.23530237696383149e-02 -8.83053067615953424e-03
1.84115005452089513e-03 8.83053067615953424e-03
1.32665562359200705e-02 -2.02559368575587102e-02
3.09276175882391424e-02 2.02559368575587102e-02
3.01760691007576590e-02 -2.05672384338545268e-02
1.40181047234015522e-02 2.05672384338545268e-02
1.52984847822508073e-03 -8.07898218867805253e-03
4.26643253459341315e-02 8.07898218867805253e-03
4.36865626959357170e-02 -4.70911726104696580e-03
5.07611128223495341e-04 4.70911726104696580e-03
1.73879696510326372e-02 -2.15894757838561088e-02
2.68062041731265722e-02 2.15894757838561088e-02
3.40333028924180783e-02 -1.85959134777163443e-02
1.01608709317411276e-02 1.85959134777163443e-02
3.50117343436326433e-03 -1.19362159803384788e-02
4.06930003897959455e-02 1.19362159803384788e-02
4.02410605495651941e-02 -1.26125917496059444e-02
3.95311327459401708e-03 1.26125917496059444e-02
9.48449516247366203e-03 -1.81439736374855859e-02
3.47096786616855474e-02 1.81439736374855859e-02
2.60083645543317497e-02 -2.17481759512198752e-02
1.81858092698274597e-02 2.17481759512198752e-02
3.48910960859729474e-04 -3.91127764225214242e-03
4.38452628632994834e-02 3.91127764225214242e-03
4.40441776764368548e-02 -2.57030289675447797e-03
1.49996147722351907e-04 2.57030289675447797e-03
1.95267840153251285e-02 -2.19470907643572535e-02
2.46673898088340844e-02 2.19470907643572535e-02
3.57985450108747466e-02 -1.73364153147921828e-02
8.39562881328446108e-03 1.73364153147921828e-02
4.76067159728742195e-03 -1.37014580987951436e-02
3.94335022268717944e-02 1.37014580987951436e-02
4.13899425326888296e-02 -1.07734382627983297e-02
2.80423129147038376e-03 1.07734382627983297e-02
1.13236486492812732e-02 -1.92928556206092214e-02
3.28705251748779362e-02 1.92928556206092214e-02
2.81212246975460663e-02 -2.12600802901050968e-02
1.60729491266131432e-02 2.12600802901050968e-02
8.37006621974508845e-04 -6.02413778546645982e-03
4.33571672021847015e-02 6.02413778546645982e-03
4.31210292616280647e-02 -6.80258025185023069e-03
1.07314456253114194e-03 6.80258025185023069e-03
1.52945066602293740e-02 -2.10239423495484634e-02
2.88996671639298389e-02 2.10239423495484634e-02
3.21531084890713734e-02 -1.96763228282897523e-02
1.20410653350878413e-02 1.96763228282897523e-02
2.42076408378985369e-03 -1.00560215769917652e-02
4.17734097403693605e-02 1.00560215769917652e-02
3.89174421818076627e-02 -1.43302790831208778e-02
5.27673164235155107e-03 1.43302790831208778e-02
7.76680782895872862e-03 -1.68203552697280545e-02
3.64273659952004808e-02 1.68203552697280545e-02
2.38578366693006812e-02 -2.20268247891620972e-02
2.03363371548585317e-02 2.20268247891620972e-02
7.02621229175058847e-05 -1.76074975722107299e-03
4.41239117012417054e-02 1.76074975722107299e-03
4.41438602299029023e-02 -1.49031415228959886e-03
5.03135942563054503e-05 1.49031415228959886e-03
2.06067727597900041e-02 -2.20467733178232976e-02
2.35874010643692088e-02 2.20467733178232976e-02
3.66326985852128487e-02 -1.66432341594977516e-02
7.56147523894636683e-03 1.66432341594977516e-02
5.45385275258185222e-03 -1.45356116731332387e-02
3.87403210715773633e-02 1.45356116731332387e-02
4.18953310032320544e-02 -9.81380562815196630e-03
2.29884282092715974e-03 9.81380562815196630e-03
1.22832812839276384e-02 -1.97982440911524463e-02
3.19108925402315710e-02 1.97982440911524463e-02
2.91571510556070355e-02 -2.09388811613533503e-02
1.50370227685521791e-02 2.09388811613533503e-02
1.15820575072625442e-03 -7.06006414352742563e-03
4.30359680734329550e-02 7.06006414352742563e-03
4.34294917947120190e-02 -5.76279028973299481e-03
7.64682029447193309e-04 5.76279028973299481e-03
1.63342966223466099e-02 -2.13324048826324109e-02
2.78598772018125995e-02 2.13324048826324109e-02
3.31064669711798112e-02 -1.91591962439525872e-02
1.10877068529793999e-02 1.91591962439525872e-02
2.93789066812702058e-03 -1.10093800591002048e-02
4.12562831560321919e-02 1.10093800591002048e-02
3.96003347943122974e-02 -1.34876819199266727e-02
4.59383902984691374e-03 1.34876819199266727e-02
8.60940499215293205e-03 -1.75032478822326892e-02
3.55847688320062722e-02 1.75032478822326892e-02
2.49365208343280721e-02 -2.19138966183831593e-02
1.92576529898311408e-02 2.19138966183831593e-02
1.83190293696444564e-04 -2.83943392224846568e-03
4.40109835304627675e-02 2.83943392224846568e-03
4.38916226589813677e-02 -3.64409955640913625e-03
3.02551165177840614e-04 3.64409955640913625e-03
1.84529873556704693e-02 -2.17945357469017630e-02
2.57411864684887436e-02 2.17945357469017630e-02
3.49313834238706711e-02 -1.79878315271026455e-02
9.26279040028854007e-03 1.79878315271026455e-02
4.10925538497696006e-03 -1.28342965117910664e-02
4.00849184391822502e-02 1.28342965117910664e-02
4.08380758831009896e-02 -1.17071167410278763e-02
3.35609794105822153e-03 1.17071167410278763e-02
1.03899701710517284e-02 -1.87409889710213849e-02
3.38042036531074827e-02 1.87409889710213849e-02
2.70707856639077551e-02 -2.15300620232748846e-02
1.71233881602514543e-02 2.15300620232748846e-02
5.67024888804721836e-04 -4.97369875182814957e-03
4.36271489353544858e-02 4.97369875182814957e-03
4.27619182099441969e-02 -7.82598220230510191e-03
1.43225561421501447e-03 7.82598220230510191e-03
1.42711047097745011e-02 -2.06648312978645922e-02
2.99230691143847101e-02 2.06648312978645922e-02
3.11755241701804908e-02 -2.01460474274912302e-02
1.30186496539787203e-02 2.01460474274912302e-02
1.95103948458837518e-03 -9.07843725810088438e-03
4.22431343395708384e-02 9.07843725810088438e-03
3.81940278601691288e-02 -1.51383533488196435e-02
6.00014596399008320e-03 1.51383533488196435e-02
6.95873356325996117e-03 -1.60969409480895206e-02
3.72354402608992552e-02 1.60969409480895206e-02
2.27749107038846647e-02 -2.20866884097019670e-02
2.14192631202745447e-02 2.20866884097019670e-02
1.03985023776384546e-05 -6.77823791805059377e-04
4.41837753217815682e-02 6.77823791805059377e-04
4.41737942941528225e-02 -9.48810395344596596e-04
2.03795300063893616e-05 9.48810395344596596e-04
2.11482765167350061e-02 -2.20767073820732143e-02
2.30458973074242034e-02 2.20767073820732143e-02
3.70367661436062437e-02 -1.62814997607435390e-02
7.15740768055297353e-03 1.62814997607435390e-02
5.81558715133606574e-03 -1.49396792315266320e-02
3.83785866728231506e-02 1.49396792315266320e-02
4.21302109888637352e-02 -9.32497666078431139e-03
2.06396283529547203e-03 9.32497666078431139e-03
1.27721102512952950e-02 -2.00331240767841340e-02
3.14220635728639161e-02 2.00331240767841340e-02
2.96688905638782842e-02 -2.07593121142924317e-02
1.45252832602809270e-02 2.07593121142924317e-02
1.33777479778717564e-03 -7.57180365179867775e-03
4.28563990263720329e-02 7.57180365179867775e-03
4.35644928266263193e-02 -5.23753122187205211e-03
6.29680997532887322e-04 5.23753122187205211e-03
1.68595556902075526e-02 -2.14674059145467180e-02
2.73346181339516568e-02 2.14674059145467180e-02
3.35733413650777940e-02 -1.88832421403221790e-02
1.06208324590814154e-02 1.88832421403221790e-02
3.21384477175742748e-03 -1.14762544529981893e-02
4.09803290524017871e-02 1.14762544529981893e-02
3.99260674275357386e-02 -1.30540684761297904e-02
4.26810639662347432e-03 1.30540684761297904e-02
9.04301843594981433e-03 -1.78289805154561304e-02
3.51511553882093916e-02 1.78289805154561304e-02
2.54734595946565501e-02 -2.18376133656667734e-02
1.87207142295026628e-02 2.18376133656667734e-02
2.59473546412829887e-04 -3.37637268257694190e-03
4.39347002777463816e-02 3.37637268257694190e-03
4.39744892322635680e-02 -3.10813733943807007e-03
2.19684591895639129e-04 3.10813733943807007e-03
1.89889495726415364e-02 -2.18774023201839668e-02
2.52052242515176765e-02 2.18774023201839668e-02
3.53689614578522188e-02 -1.76674445249241641e-02
8.82521236630698716e-03 1.76674445249241641e-02
4.42964238715543891e-03 -1.32718745457726175e-02
3.97645314370037722e-02 1.32718745457726175e-02
4.11197384748942518e-02 -1.12436638832608907e-02
3.07443534926495803e-03 1.12436638832608907e-02
1.08534230288187140e-02 -1.90226515628146471e-02
3.33407507953404972e-02 1.90226515628146471e-02
2.75976618510586670e-02 -2.14015168934511626e-02
1.65965119731005424e-02 2.14015168934511626e-02
6.95570018628442928e-04 -5.50057493897906057e-03
4.34986038055307639e-02 5.50057493897906057e-03
4.29477535667542043e-02 -7.31648481551360700e-03
1.24642025740500685e-03 7.31648481551360700e-03
1.47806020965659986e-02 -2.08506666546745996e-02
2.94135717275932143e-02 2.08506666546745996e-02
3.16671986683621648e-02 -1.99171838112787158e-02
1.25269751557970481e-02 1.99171838112787158e-02
2.17990310080089190e-03 -9.57011175628255661e-03
4.20142707233583171e-02 9.57011175628255661e-03
3.85606935515012475e-02 -1.47387552534938432e-02
5.63348027265796279e-03 1.47387552534938432e-02
7.35833165858576325e-03 -1.64636066394216428e-02
3.68358421655734514e-02 1.64636066394216428e-02
2.33167410236081660e-02 -2.20634016835172600e-02
2.08774328005510434e-02 2.20634016835172600e-02
3.36852285623457130e-05 -1.21965411152855953e-03
4.41604885955968612e-02 1.21965411152855953e-03
4.41006460137882833e-02 -2.03092019971569133e-03
9.35278103709292021e-05 2.03092019971569133e-03
2.00661667123639142e-02 -2.20035591017086751e-02
2.41280071117952986e-02 2.20035591017086751e-02
3.62198753178690838e-02 -1.69949432963248867e-02
7.97429850629012386e-03 1.69949432963248867e-02
5.10214361575471887e-03 -1.41227884057894808e-02
3.90920302084044949e-02 1.41227884057894808e-02
4.16485252956638949e-02 -1.02967231259710502e-02
2.54564852849531670e-03 1.02967231259710502e-02
1.18003637861085545e-02 -1.95514383835842902e-02
3.23938100380506550e-02 1.95514383835842902e-02
2.86411588286885309e-02 -2.11058374093578763e-02
1.55530149954706803e-02 2.11058374093578763e-02
9.91249502721729949e-04 -6.54407191660892444e-03
4.32029243214374775e-02 6.54407191660892444e-03
4.32816409197664120e-02 -6.28457806820800508e-03
9.12532904392800636e-04 6.28457806820800508e-03
1.58125088438716005e-02 -2.11845540076868039e-02
2.83816649802876089e-02 2.11845540076868039e-02
3.26329609384014632e-02 -1.94236095641741255e-02
1.15612128857577445e-02 1.94236095641741255e-02
2.67347734790548009e-03 -1.05358740263218585e-02
4.15206964762537337e-02 1.05358740263218585e-02
3.92640588590532011e-02 -1.39131708884718992e-02
4.93011496510601440e-03 1.39131708884718992e-02
8.18391602360770548e-03 -1.71669719469735894e-02
3.60102578005515039e-02 1.71669719469735894e-02
2.43978717051781153e-02 -2.19769797591899962e-02
1.97963021189810975e-02 2.19769797591899962e-02
1.20107152889609224e-04 -2.30078479309850890e-03
4.40740666712695975e-02 2.30078479309850890e-03
4.37956278723154110e-02 -4.17786670406906577e-03
3.98545951843801681e-04 4.17786670406906577e-03
1.79192202080105355e-02 -2.16985409602358029e-02
2.62749536161486739e-02 2.16985409602358029e-02
3.44860744895756702e-02 -1.82973833321775289e-02
9.70809933458353751e-03 1.82973833321775289e-02
3.79970357990207838e-03 -1.23889875774960689e-02
4.03944702442571371e-02 1.23889875774960689e-02
4.05451244203222927e-02 -1.21635176694273282e-02
3.64904940383691890e-03 1.21635176694273282e-02
9.93356924265227821e-03 -1.84480375082426880e-02
3.42606045815069329e-02 1.84480375082426880e-02
2.65409135066073318e-02 -2.16456382487966378e-02
1.76532603175518776e-02 2.16456382487966378e-02
4.51448663282967252e-04 -4.44382659452772534e-03
4.37427251608762391e-02 4.44382659452772534e-03
4.25636351314681652e-02 -8.33076551005025590e-03
1.63053869269104380e-03 8.33076551005025590e-03
1.37663214020293488e-02 -2.04665482193885605e-02
3.04278524221298641e-02 2.04665482193885605e-02
3.06783811608591778e-02 -2.03627758180426610e-02
1.35157926633000334e-02 2.03627758180426610e-02
1.73431109403694456e-03 -8.58129424877956959e-03
4.24598627301222692e-02 8.58129424877956959e-03
3.78176659735132842e-02 -1.55288326661476087e-02
6.37650785064593217e-03 1.55288326661476087e-02
6.56825424593199692e-03 -1.57205790614336725e-02
3.76259195782272168e-02 1.57205790614336725e-02
2.22326720884544575e-02 -2.20966709406631504e-02
2.19615017357047519e-02 2.20966709406631504e-02
4.15971416456002291e-07 -1.35585176374849970e-04
4.41937578527427516e-02 1.35585176374849970e-04
