# n_qubits=10; one amplitude per line: real imag; index = sum_k x_k 2^(n-1-k), qubit 0 = most significant bit
0.00000000000000000e+00 0.00000000000000000e+00
-1.08390218920354980e-18 -7.88185833205570050e-19
0.00000000000000000e+00 0.00000000000000000e+00
-1.27201828485287242e-18 1.26589212268048367e-18
0.00000000000000000e+00 0.00000000000000000e+00
-1.48781051357019499e-18 -2.71872937912852101e-18
0.00000000000000000e+00 0.00000000000000000e+00
-2.06392394342559226e-18 7.62481770518476445e-21
0.00000000000000000e+00 0.00000000000000000e+00
-5.00329498854273012e-18 4.46480611279308837e-18
0.00000000000000000e+00 0.00000000000000000e+00
1.56955552841142087e-18 1.82512060920411517e-18
0.00000000000000000e+00 0.00000000000000000e+00
2.68006485690773716e-18 1.75067892770214460e-18
0.00000000000000000e+00 0.00000000000000000e+00
-2.10544787204798418e-18 -2.50812023590735449e-19
0.00000000000000000e+00 0.00000000000000000e+00
1.14714348813548845e-18 -1.43225514997590477e-19
0.00000000000000000e+00 0.00000000000000000e+00
-2.99023386564341886e-17 3.65478376405332884e-18
0.00000000000000000e+00 0.00000000000000000e+00
1.31194748603153176e-18 1.95159960604911173e-19
0.00000000000000000e+00 0.00000000000000000e+00
3.91625924254571663e-18 -8.53584084892865855e-19
0.00000000000000000e+00 0.00000000000000000e+00
-3.22226177123515024e-18 8.67242178547608847e-19
0.00000000000000000e+00 0.00000000000000000e+00
1.43871554300594136e-18 1.42376288795905519e-18
0.00000000000000000e+00 0.00000000000000000e+00
-5.36131597372111117e-18 1.77727616717740825e-18
0.00000000000000000e+00 0.00000000000000000e+00
3.96257548649266639e-18 8.93674494801856568e-19
0.00000000000000000e+00 0.00000000000000000e+00
1.44448365436123148e-18 3.26003423175497319e-19
0.00000000000000000e+00 0.00000000000000000e+00
-8.76278326817819502e-18 2.83945291137675205e-18
0.00000000000000000e+00 0.00000000000000000e+00
-1.09545946611826585e-17 1.16233737437552090e-18
0.00000000000000000e+00 0.00000000000000000e+00
-7.75948095564361031e-19 -3.01968102338805320e-18
0.00000000000000000e+00 0.00000000000000000e+00
2.30765741788144022e-18 2.22157448093985742e-18
0.00000000000000000e+00 0.00000000000000000e+00
1.14221842827967022e-18 4.79702691722034481e-19
0.00000000000000000e+00 0.00000000000000000e+00
3.09105128115353423e-18 2.04663404243582746e-18
0.00000000000000000e+00 0.00000000000000000e+00
-9.18835093202544623e-19 1.24377153759014170e-18
0.00000000000000000e+00 0.00000000000000000e+00
-3.95410796682190890e-18 1.91157870673909394e-18
0.00000000000000000e+00 0.00000000000000000e+00
1.01284807201227586e-17 1.63310298069576787e-19
0.00000000000000000e+00 0.00000000000000000e+00
-9.96797437709188023e-20 -1.22082517842490950e-18
0.00000000000000000e+00 0.00000000000000000e+00
3.35058622625161697e-18 -2.77746711555439033e-18
0.00000000000000000e+00 0.00000000000000000e+00
-2.72151239457938481e-18 9.79662730267443292e-19
0.00000000000000000e+00 0.00000000000000000e+00
4.41497858176884914e-18 9.56590438601113011e-19
0.00000000000000000e+00 0.00000000000000000e+00
9.15556548414620531e-19 -7.06943795268347006e-19
0.00000000000000000e+00 0.00000000000000000e+00
-2.96071261142394049e-18 1.42593968930353636e-18
0.00000000000000000e+00 0.00000000000000000e+00
2.15186711981539635e-18 2.89192410866410310e-18
0.00000000000000000e+00 0.00000000000000000e+00
-8.23921545231825417e-18 1.49394458249767259e-18
0.00000000000000000e+00 0.00000000000000000e+00
-3.06940788598563096e-18 4.17732737275680125e-18
0.00000000000000000e+00 0.00000000000000000e+00
1.21385872218507866e-18 -1.03247688272424289e-18
0.00000000000000000e+00 0.00000000000000000e+00
3.04115099181062548e-18 1.33615212531955062e-18
0.00000000000000000e+00 0.00000000000000000e+00
5.34916786993731267e-18 -3.64504809605271996e-19
0.00000000000000000e+00 0.00000000000000000e+00
-1.57397742650597875e-18 4.09376698113012866e-18
0.00000000000000000e+00 0.00000000000000000e+00
-4.06417418291675054e-20 2.36977982788801832e-18
0.00000000000000000e+00 0.00000000000000000e+00
-5.87122989567046285e-18 4.85647640045510631e-18
0.00000000000000000e+00 0.00000000000000000e+00
2.98344970315607187e-17 4.94299403454511041e-19
0.00000000000000000e+00 0.00000000000000000e+00
3.89271504173045270e-18 1.56218271204977116e-18
0.00000000000000000e+00 0.00000000000000000e+00
-8.20842557259130829e-20 1.38521166667061017e-18
0.00000000000000000e+00 0.00000000000000000e+00
-1.28381112775505725e-18 3.11044561990695414e-19
0.00000000000000000e+00 0.00000000000000000e+00
3.42214288714219803e-18 1.23556751379981987e-18
0.00000000000000000e+00 0.00000000000000000e+00
5.00888093392536862e-19 -1.53628518875162958e-18
0.00000000000000000e+00 0.00000000000000000e+00
-2.98291096959021383e-18 2.09969427775601991e-18
0.00000000000000000e+00 0.00000000000000000e+00
-1.57157008409216226e-18 2.74379003045694316e-19
0.00000000000000000e+00 0.00000000000000000e+00
-8.35511969203584607e-18 8.28628062840401896e-19
0.00000000000000000e+00 0.00000000000000000e+00
1.03128184120656585e-17 -3.10013409344901811e-19
0.00000000000000000e+00 0.00000000000000000e+00
5.93955485331884581e-18 2.22842794613544747e-18
0.00000000000000000e+00 0.00000000000000000e+00
-1.67196902286237479e-18 1.20820103338585013e-18
0.00000000000000000e+00 0.00000000000000000e+00
3.14831261317436435e-18 1.78888266916283321e-19
0.00000000000000000e+00 0.00000000000000000e+00
-3.98229447298755638e-18 -6.25800229234787378e-19
0.00000000000000000e+00 0.00000000000000000e+00
2.68305509743819630e-19 1.92129199391763050e-18
0.00000000000000000e+00 0.00000000000000000e+00
-8.48917268759834473e-19 1.29283297962776153e-18
0.00000000000000000e+00 0.00000000000000000e+00
2.11043947031205677e-18 1.82986348483134214e-18
0.00000000000000000e+00 0.00000000000000000e+00
2.89793885450325195e-18 2.47953272769386549e-18
0.00000000000000000e+00 0.00000000000000000e+00
-5.21004405250010389e-18 1.06209694408082844e-18
0.00000000000000000e+00 0.00000000000000000e+00
-1.07006809840187069e-18 -9.68588427508153492e-19
0.00000000000000000e+00 0.00000000000000000e+00
-3.58799575215408470e-18 -4.34756869966604482e-19
0.00000000000000000e+00 0.00000000000000000e+00
-1.77625343837350383e-18 3.29790875879053279e-18
0.00000000000000000e+00 0.00000000000000000e+00
-1.46302041376969865e-18 1.92216619430206723e-19
0.00000000000000000e+00 0.00000000000000000e+00
2.60708831842714089e-18 2.15282578297193864e-17
0.00000000000000000e+00 0.00000000000000000e+00
4.60868094565799845e-18 -8.33773232867773570e-18
0.00000000000000000e+00 0.00000000000000000e+00
1.86436702883735470e-17 -1.11725023390174085e-17
0.00000000000000000e+00 0.00000000000000000e+00
-2.55259788614740443e-17 4.82761939147579469e-19
0.00000000000000000e+00 0.00000000000000000e+00
-3.43030831510969459e-17 -3.13000191696239347e-17
0.00000000000000000e+00 0.00000000000000000e+00
-5.88308532201055201e-17 -1.17749379431567651e-17
0.00000000000000000e+00 0.00000000000000000e+00
9.18779416899682238e-18 1.49983390225885290e-17
0.00000000000000000e+00 0.00000000000000000e+00
-2.18304691780378074e-17 -3.03226677235482470e-17
0.00000000000000000e+00 0.00000000000000000e+00
-4.95682324108351857e-18 4.73972087596193768e-17
0.00000000000000000e+00 0.00000000000000000e+00
1.00000000000000000e+00 -1.22212994357767256e-16
0.00000000000000000e+00 0.00000000000000000e+00
-6.41980287412620445e-17 1.40337124854477871e-16
0.00000000000000000e+00 0.00000000000000000e+00
4.67837088115880442e-17 -5.31868413431646053e-17
0.00000000000000000e+00 0.00000000000000000e+00
5.25923662543469631e-17 -2.35755747034884952e-17
0.00000000000000000e+00 0.00000000000000000e+00
1.89037118184262608e-17 -1.02388854422638069e-17
0.00000000000000000e+00 0.00000000000000000e+00
1.69286219816274968e-17 6.66239708998009104e-18
0.00000000000000000e+00 0.00000000000000000e+00
7.31519303982894744e-17 -1.26216794681378014e-17
0.00000000000000000e+00 0.00000000000000000e+00
-3.44673966375756715e-18 1.14836191765344822e-17
0.00000000000000000e+00 0.00000000000000000e+00
8.08206309997796535e-18 -4.70653448432314594e-17
0.00000000000000000e+00 0.00000000000000000e+00
8.58742570928880574e-18 -1.73503891677318740e-17
0.00000000000000000e+00 0.00000000000000000e+00
-8.62894430094756231e-18 -1.37782476795025691e-17
0.00000000000000000e+00 0.00000000000000000e+00
1.00892670367426926e-17 1.22367821755758108e-17
0.00000000000000000e+00 0.00000000000000000e+00
-2.40039343684223982e-19 -4.40082417634371044e-18
0.00000000000000000e+00 0.00000000000000000e+00
5.76046299714729778e-18 -3.08818447397639560e-18
0.00000000000000000e+00 0.00000000000000000e+00
7.05818910080990702e-18 1.29388573496123918e-17
0.00000000000000000e+00 0.00000000000000000e+00
2.03334399100683112e-18 -2.23871432928664067e-17
0.00000000000000000e+00 0.00000000000000000e+00
-1.66765690099016330e-18 4.07158634266943293e-17
0.00000000000000000e+00 0.00000000000000000e+00
-7.00404953444612793e-18 -1.64868727233602800e-17
0.00000000000000000e+00 0.00000000000000000e+00
5.34972938548165189e-19 4.32828210460232017e-17
0.00000000000000000e+00 0.00000000000000000e+00
-6.61442800862972792e-18 -1.91660300316559900e-18
0.00000000000000000e+00 0.00000000000000000e+00
-6.48710683850246299e-18 2.07455284312621862e-17
0.00000000000000000e+00 0.00000000000000000e+00
-3.14997788666782133e-18 7.40970185068816547e-19
0.00000000000000000e+00 0.00000000000000000e+00
-3.39397811583521401e-19 6.43457293535260896e-18
0.00000000000000000e+00 0.00000000000000000e+00
-6.55534665046297233e-18 -2.49654291046500174e-18
0.00000000000000000e+00 0.00000000000000000e+00
1.29954079260179074e-18 -3.11404928146279775e-18
0.00000000000000000e+00 0.00000000000000000e+00
1.09320721294785249e-17 3.37310743295112749e-18
0.00000000000000000e+00 0.00000000000000000e+00
4.73675406241011520e-18 6.03362203091335658e-18
0.00000000000000000e+00 0.00000000000000000e+00
6.08877451487820521e-18 8.58107406979158211e-19
0.00000000000000000e+00 0.00000000000000000e+00
-2.78710090716476451e-19 2.82404832690302102e-18
0.00000000000000000e+00 0.00000000000000000e+00
1.62767482903738524e-18 4.74770288187803906e-19
0.00000000000000000e+00 0.00000000000000000e+00
2.05225539163275458e-18 -2.63908350691339620e-20
0.00000000000000000e+00 0.00000000000000000e+00
3.75432456425410327e-18 -1.00518336235068576e-18
0.00000000000000000e+00 0.00000000000000000e+00
9.67373666836799999e-18 -1.39920638797814548e-18
0.00000000000000000e+00 0.00000000000000000e+00
2.66517447762584823e-18 -2.94131289544324829e-18
0.00000000000000000e+00 0.00000000000000000e+00
1.46625763195094700e-17 2.97683303312716745e-18
0.00000000000000000e+00 0.00000000000000000e+00
4.59422324998657049e-18 3.57906106419472507e-18
0.00000000000000000e+00 0.00000000000000000e+00
5.46408362869663968e-20 -9.25317897536216221e-19
0.00000000000000000e+00 0.00000000000000000e+00
-7.94791658846412333e-18 3.01211065558313413e-19
0.00000000000000000e+00 0.00000000000000000e+00
6.17884869876221415e-18 7.00286480799793081e-19
0.00000000000000000e+00 0.00000000000000000e+00
-3.43059692107277199e-18 1.90533015773375583e-18
0.00000000000000000e+00 0.00000000000000000e+00
-1.46718333697878678e-17 -4.32227165532365440e-18
0.00000000000000000e+00 0.00000000000000000e+00
-6.82342655700863395e-19 -4.76120341122742348e-18
0.00000000000000000e+00 0.00000000000000000e+00
-2.00754396858957289e-18 -7.72802005632061097e-19
0.00000000000000000e+00 0.00000000000000000e+00
-2.00413372624189290e-19 -8.31112699769681575e-19
0.00000000000000000e+00 0.00000000000000000e+00
3.24833457395967342e-18 -4.72989798244189294e-18
0.00000000000000000e+00 0.00000000000000000e+00
-3.81245658367016677e-20 -2.99723215572119537e-18
0.00000000000000000e+00 0.00000000000000000e+00
-3.76658137689959410e-18 -1.64977139906527696e-18
0.00000000000000000e+00 0.00000000000000000e+00
-8.27398762213310008e-18 -1.71381404503108938e-18
0.00000000000000000e+00 0.00000000000000000e+00
5.74289482894685625e-18 -1.43632384924404862e-18
0.00000000000000000e+00 0.00000000000000000e+00
1.32708894065062235e-19 -5.24522762149954627e-18
0.00000000000000000e+00 0.00000000000000000e+00
-9.66503967344751492e-18 1.95325258738318628e-18
0.00000000000000000e+00 0.00000000000000000e+00
-2.44763153113151924e-19 6.33943805909703658e-18
0.00000000000000000e+00 0.00000000000000000e+00
1.45787869923562151e-17 8.55403889677057283e-18
0.00000000000000000e+00 0.00000000000000000e+00
-5.75229915879521761e-18 -4.04668675028140853e-18
0.00000000000000000e+00 0.00000000000000000e+00
6.48008196722717084e-20 4.54124031494349263e-18
0.00000000000000000e+00 0.00000000000000000e+00
-5.41323470784726149e-20 -1.83211181680822992e-20
0.00000000000000000e+00 0.00000000000000000e+00
3.15369946740981954e-19 5.69441517912607727e-20
0.00000000000000000e+00 0.00000000000000000e+00
-4.38293149307325143e-19 -3.11173646358430675e-19
0.00000000000000000e+00 0.00000000000000000e+00
5.37725480154715351e-20 1.60813413220313398e-19
0.00000000000000000e+00 0.00000000000000000e+00
-2.56752119875234727e-19 -1.72877905377833126e-19
0.00000000000000000e+00 0.00000000000000000e+00
-1.61131571033772571e-19 1.36633369410973102e-19
0.00000000000000000e+00 0.00000000000000000e+00
4.83386002439843417e-19 2.99608685278722703e-19
0.00000000000000000e+00 0.00000000000000000e+00
-1.88785313160180141e-19 -1.27342318115808015e-19
0.00000000000000000e+00 0.00000000000000000e+00
1.25128692456621019e-18 9.24798475201242861e-19
0.00000000000000000e+00 0.00000000000000000e+00
3.56273841906304600e-18 -7.52660070876301310e-19
0.00000000000000000e+00 0.00000000000000000e+00
-6.96872111129196909e-18 -4.85065706524412333e-18
0.00000000000000000e+00 0.00000000000000000e+00
2.03141276603336849e-18 2.16903551254182237e-18
0.00000000000000000e+00 0.00000000000000000e+00
-2.66759312259732126e-19 -1.84595440223686794e-19
0.00000000000000000e+00 0.00000000000000000e+00
-3.44083411479095269e-20 1.17525574630274553e-19
0.00000000000000000e+00 0.00000000000000000e+00
2.85412848447115035e-19 1.29352257753355416e-19
0.00000000000000000e+00 0.00000000000000000e+00
-1.07528196668817662e-19 -5.62258866597690527e-20
0.00000000000000000e+00 0.00000000000000000e+00
1.81138006247634789e-20 3.25349444136933316e-20
0.00000000000000000e+00 0.00000000000000000e+00
4.79792781435116583e-19 8.88643706479859348e-22
0.00000000000000000e+00 0.00000000000000000e+00
-7.91238640404094306e-19 -5.60882451144454589e-19
0.00000000000000000e+00 0.00000000000000000e+00
1.70049056714870051e-19 2.66798856373653309e-19
0.00000000000000000e+00 0.00000000000000000e+00
-2.46687737495958736e-19 -1.67843012947808939e-19
0.00000000000000000e+00 0.00000000000000000e+00
-7.96002969358936135e-20 1.19547590886811569e-19
0.00000000000000000e+00 0.00000000000000000e+00
3.39448585451220896e-19 1.86413590345786858e-19
0.00000000000000000e+00 0.00000000000000000e+00
-1.36443552648712640e-19 -7.98096510479574078e-20
0.00000000000000000e+00 0.00000000000000000e+00
-3.48660995473387804e-19 -2.37317694677291878e-19
0.00000000000000000e+00 0.00000000000000000e+00
-4.23116564481168687e-19 2.01770489237867805e-19
0.00000000000000000e+00 0.00000000000000000e+00
9.99923288613597678e-19 6.67600776636741300e-19
0.00000000000000000e+00 0.00000000000000000e+00
-3.51428730288385450e-19 -2.87500663612661638e-19
0.00000000000000000e+00 0.00000000000000000e+00
-3.19397898331222384e-19 -2.24577851852755586e-19
0.00000000000000000e+00 0.00000000000000000e+00
3.66565264455080714e-21 1.28161675893211077e-19
0.00000000000000000e+00 0.00000000000000000e+00
2.76594166636801633e-19 9.14298510768876024e-20
0.00000000000000000e+00 0.00000000000000000e+00
-8.41449225794741666e-20 -3.91250384411502981e-20
0.00000000000000000e+00 0.00000000000000000e+00
-2.87143585413080773e-20 -6.02732416523353380e-22
0.00000000000000000e+00 0.00000000000000000e+00
3.68680902335664716e-19 3.50207084478601837e-20
0.00000000000000000e+00 0.00000000000000000e+00
-5.58699554651253829e-19 -3.97034337380471249e-19
0.00000000000000000e+00 0.00000000000000000e+00
9.54500092275529878e-20 1.96388476465834711e-19
0.00000000000000000e+00 0.00000000000000000e+00
-2.47071496054431021e-19 -1.66987862789010874e-19
0.00000000000000000e+00 0.00000000000000000e+00
-1.12422830431770869e-19 1.25536704001349614e-19
0.00000000000000000e+00 0.00000000000000000e+00
3.93834454196270205e-19 2.31386178790257408e-19
0.00000000000000000e+00 0.00000000000000000e+00
-1.57623129339412386e-19 -9.85021144981369481e-20
0.00000000000000000e+00 0.00000000000000000e+00
-6.08928750080894851e-19 -4.24973169436084293e-19
0.00000000000000000e+00 0.00000000000000000e+00
-1.08316909417690583e-18 3.63367988380658909e-19
0.00000000000000000e+00 0.00000000000000000e+00
2.31989622654357976e-18 1.58692914088852284e-18
0.00000000000000000e+00 0.00000000000000000e+00
-7.51081383915123103e-19 -6.94217471952175084e-19
0.00000000000000000e+00 0.00000000000000000e+00
-2.87933510757277989e-19 -2.00940048248018278e-19
0.00000000000000000e+00 0.00000000000000000e+00
-1.55633419001935375e-20 1.21016629167320683e-19
0.00000000000000000e+00 0.00000000000000000e+00
2.76034786877910722e-19 1.09107777964826139e-19
0.00000000000000000e+00 0.00000000000000000e+00
-9.58209358497832860e-20 -4.74716646775089452e-20
0.00000000000000000e+00 0.00000000000000000e+00
1.40140350757048855e-19 1.20114995425865452e-19
0.00000000000000000e+00 0.00000000000000000e+00
7.82815463927059746e-19 -7.80560101619672242e-20
0.00000000000000000e+00 0.00000000000000000e+00
-1.40461573911694336e-18 -9.89086790834115105e-19
0.00000000000000000e+00 0.00000000000000000e+00
3.58376922803490663e-19 4.54854474330983015e-19
0.00000000000000000e+00 0.00000000000000000e+00
-2.53351042737865040e-19 -1.73794474877538105e-19
0.00000000000000000e+00 0.00000000000000000e+00
-5.49192466486164035e-20 1.17058138856078517e-19
0.00000000000000000e+00 0.00000000000000000e+00
3.05540818734332481e-19 1.54134614778983603e-19
0.00000000000000000e+00 0.00000000000000000e+00
-1.20553530977195120e-19 -6.65174944361297618e-20
0.00000000000000000e+00 0.00000000000000000e+00
-2.82616778687340605e-19 -1.90518771578699584e-19
0.00000000000000000e+00 0.00000000000000000e+00
-2.44374568153924151e-19 1.57175235735837952e-19
0.00000000000000000e+00 0.00000000000000000e+00
6.44881562252295827e-19 4.16843565063302144e-19
0.00000000000000000e+00 0.00000000000000000e+00
-2.41173217040375285e-19 -1.77814767240092429e-19
0.00000000000000000e+00 0.00000000000000000e+00
-3.66150122304153377e-19 -2.58982201132228371e-19
0.00000000000000000e+00 0.00000000000000000e+00
2.55886576887063625e-20 1.40408860300098636e-19
0.00000000000000000e+00 0.00000000000000000e+00
2.88300674191709145e-19 7.46748182614955456e-20
0.00000000000000000e+00 0.00000000000000000e+00
-7.10222112056065770e-20 -2.99944649210657502e-20
0.00000000000000000e+00 0.00000000000000000e+00
-4.29759118158463798e-20 -1.05727531394209917e-20
0.00000000000000000e+00 0.00000000000000000e+00
3.37576601095509138e-19 4.68172891062812852e-20
0.00000000000000000e+00 0.00000000000000000e+00
-4.90072309738019179e-19 -3.48235630905029374e-19
0.00000000000000000e+00 0.00000000000000000e+00
7.21886188290123631e-20 1.75969263742114805e-19
0.00000000000000000e+00 0.00000000000000000e+00
-2.50487329610391655e-19 -1.68898655270426341e-19
0.00000000000000000e+00 0.00000000000000000e+00
-1.34033271681461549e-19 1.30275621647247745e-19
0.00000000000000000e+00 0.00000000000000000e+00
4.32735932749719453e-19 2.61547628023328265e-19
0.00000000000000000e+00 0.00000000000000000e+00
-1.71498333087210487e-19 -1.11187394885210675e-19
0.00000000000000000e+00 0.00000000000000000e+00
-1.53512836665613234e-18 -1.09600818370256028e-18
0.00000000000000000e+00 0.00000000000000000e+00
-3.40217997860246729e-18 9.23869779377618921e-19
0.00000000000000000e+00 0.00000000000000000e+00
6.95836785734781896e-18 4.80527480685770033e-18
0.00000000000000000e+00 0.00000000000000000e+00
-2.14434251371856374e-18 -2.12365325415540014e-18
0.00000000000000000e+00 0.00000000000000000e+00
-2.76259725415305967e-19 -1.91994677953083377e-19
0.00000000000000000e+00 0.00000000000000000e+00
-2.49079279923355421e-20 1.18868306859497616e-19
0.00000000000000000e+00 0.00000000000000000e+00
2.79475730208214562e-19 1.18800048719952941e-19
0.00000000000000000e+00 0.00000000000000000e+00
-1.01591078429917262e-19 -5.17301831265410131e-20
0.00000000000000000e+00 0.00000000000000000e+00
6.15672878384704398e-20 6.36020474582066919e-20
0.00000000000000000e+00 0.00000000000000000e+00
5.86927270486741704e-19 -2.80548420187823965e-20
0.00000000000000000e+00 0.00000000000000000e+00
-1.00952585379877247e-18 -7.13647279822047728e-19
0.00000000000000000e+00 0.00000000000000000e+00
2.37748293844216273e-19 3.33547166797967922e-19
0.00000000000000000e+00 0.00000000000000000e+00
-2.49190737952974463e-19 -1.70221001975522324e-19
0.00000000000000000e+00 0.00000000000000000e+00
-6.65415077336974462e-20 1.17916189339784743e-19
0.00000000000000000e+00 0.00000000000000000e+00
3.20468912456519184e-19 1.69086862576928917e-19
0.00000000000000000e+00 0.00000000000000000e+00
-1.28019668399191501e-19 -7.26706866173842995e-20
0.00000000000000000e+00 0.00000000000000000e+00
-3.07420089665800651e-19 -2.07955431946431035e-19
0.00000000000000000e+00 0.00000000000000000e+00
-3.13769494023423893e-19 1.74531843826257579e-19
0.00000000000000000e+00 0.00000000000000000e+00
7.82146783820941886e-19 5.14384048914993816e-19
0.00000000000000000e+00 0.00000000000000000e+00
-2.84240201761061412e-19 -2.20300454144192439e-19
0.00000000000000000e+00 0.00000000000000000e+00
-3.40401699640802397e-19 -2.40113535478011164e-19
0.00000000000000000e+00 0.00000000000000000e+00
1.41136652089500478e-20 1.33509596180181606e-19
0.00000000000000000e+00 0.00000000000000000e+00
2.80883672033392944e-19 8.30415326940323062e-20
0.00000000000000000e+00 0.00000000000000000e+00
-7.78786392308846760e-20 -3.47461106330348047e-20
0.00000000000000000e+00 0.00000000000000000e+00
-9.50670512189802040e-21 1.29275764738221362e-20
0.00000000000000000e+00 0.00000000000000000e+00
4.13215050333818601e-19 2.04159593690395074e-20
0.00000000000000000e+00 0.00000000000000000e+00
-6.53323153223654961e-19 -4.63917352957411104e-19
0.00000000000000000e+00 0.00000000000000000e+00
1.26331806382390157e-19 2.24888555134201340e-19
0.00000000000000000e+00 0.00000000000000000e+00
-2.45919071213868939e-19 -1.66719363796210673e-19
0.00000000000000000e+00 0.00000000000000000e+00
-9.46423934015774346e-20 1.22039010455780775e-19
0.00000000000000000e+00 0.00000000000000000e+00
3.63436981910231501e-19 2.06839610147317912e-19
0.00000000000000000e+00 0.00000000000000000e+00
-1.46158518924129354e-19 -8.82662693151880089e-20
0.00000000000000000e+00 0.00000000000000000e+00
-4.25598072524881847e-19 -2.92570081270324189e-19
0.00000000000000000e+00 0.00000000000000000e+00
-6.20640743788571763e-19 2.50511096006425986e-19
0.00000000000000000e+00 0.00000000000000000e+00
1.39463555525848641e-18 9.43374422450603131e-19
0.00000000000000000e+00 0.00000000000000000e+00
-4.71679740574377160e-19 -4.09142105947470800e-19
0.00000000000000000e+00 0.00000000000000000e+00
-3.02143907484625533e-19 -2.11683667465452623e-19
0.00000000000000000e+00 0.00000000000000000e+00
-6.12638190185601350e-21 1.24066547122598649e-19
0.00000000000000000e+00 0.00000000000000000e+00
2.75048565137315417e-19 1.00052178816543497e-19
0.00000000000000000e+00 0.00000000000000000e+00
-9.00612773801781401e-20 -4.33158427950837158e-20
0.00000000000000000e+00 0.00000000000000000e+00
3.24550716173334269e-19 2.53350005700914880e-19
0.00000000000000000e+00 0.00000000000000000e+00
1.24426412645512229e-18 -1.91744824645489255e-19
0.00000000000000000e+00 0.00000000000000000e+00
-2.33012562422812044e-18 -1.63242099313161596e-18
0.00000000000000000e+00 0.00000000000000000e+00
6.38027779970319855e-19 7.39709324195267923e-19
0.00000000000000000e+00 0.00000000000000000e+00
-2.59178229540632194e-19 -1.78566559952006488e-19
0.00000000000000000e+00 0.00000000000000000e+00
-4.43186231168393781e-20 1.16930446664689499e-19
0.00000000000000000e+00 0.00000000000000000e+00
2.94004900575112795e-19 1.41024490858548906e-19
0.00000000000000000e+00 0.00000000000000000e+00
-1.13791049546985359e-19 -6.11010717778513948e-20
0.00000000000000000e+00 0.00000000000000000e+00
-2.66867559574617133e-19 -1.79653258754998143e-19
0.00000000000000000e+00 0.00000000000000000e+00
-1.96381985849083648e-19 1.45235282723661210e-19
0.00000000000000000e+00 0.00000000000000000e+00
5.51056240364797801e-19 3.49254196647483836e-19
0.00000000000000000e+00 0.00000000000000000e+00
-2.11089696570441379e-19 -1.48608335732847226e-19
0.00000000000000000e+00 0.00000000000000000e+00
-3.98074023893712967e-19 -2.82178113176671697e-19
0.00000000000000000e+00 0.00000000000000000e+00
3.85796974075107041e-20 1.49294048884551069e-19
0.00000000000000000e+00 0.00000000000000000e+00
2.99468046391291042e-19 6.60816197601141855e-20
0.00000000000000000e+00 0.00000000000000000e+00
-6.32567215344329933e-20 -2.46304609724528351e-20
0.00000000000000000e+00 0.00000000000000000e+00
-3.49241637421687056e-20 2.17841961897478311e-19
0.00000000000000000e+00 0.00000000000000000e+00
1.45014729443016371e-19 2.25127755329448453e-20
0.00000000000000000e+00 0.00000000000000000e+00
9.62543198640499356e-20 -6.99462670063321144e-20
0.00000000000000000e+00 0.00000000000000000e+00
1.38362458367975819e-20 1.95210796940117701e-20
0.00000000000000000e+00 0.00000000000000000e+00
1.62576650112245449e-19 -2.64815062577633459e-19
0.00000000000000000e+00 0.00000000000000000e+00
-5.24860844113979402e-20 -3.13578693703697977e-20
0.00000000000000000e+00 0.00000000000000000e+00
9.50158128194416823e-20 -2.29283306233596271e-20
0.00000000000000000e+00 0.00000000000000000e+00
1.50747528814058864e-20 6.38501413256974584e-20
0.00000000000000000e+00 0.00000000000000000e+00
-9.62851044902197628e-19 2.59944650121706392e-18
0.00000000000000000e+00 0.00000000000000000e+00
1.07294161060304484e-18 3.89531146244370940e-19
0.00000000000000000e+00 0.00000000000000000e+00
9.25366246281970780e-20 -4.27254389896805061e-20
0.00000000000000000e+00 0.00000000000000000e+00
1.75539410726504214e-20 3.86705633479619431e-20
0.00000000000000000e+00 0.00000000000000000e+00
1.10093596308878436e-19 -1.19011851957538138e-19
0.00000000000000000e+00 0.00000000000000000e+00
-3.03060803096887592e-24 5.01412665177261306e-22
0.00000000000000000e+00 0.00000000000000000e+00
1.06182549792522430e-19 -4.37661973464677119e-21
0.00000000000000000e+00 0.00000000000000000e+00
3.90801590832504568e-21 1.06645523037192051e-19
0.00000000000000000e+00 0.00000000000000000e+00
-1.07104132054637837e-19 4.07802951139807445e-19
0.00000000000000000e+00 0.00000000000000000e+00
2.17194697755485454e-19 5.57666267827949211e-20
0.00000000000000000e+00 0.00000000000000000e+00
9.35532472750006768e-20 -5.48739748842376993e-20
0.00000000000000000e+00 0.00000000000000000e+00
1.65373184258469641e-20 2.87291775689225779e-20
0.00000000000000000e+00 0.00000000000000000e+00
1.26464790903815632e-19 -1.66860908395549680e-19
0.00000000000000000e+00 0.00000000000000000e+00
-1.63742252029681174e-20 -1.18047762644352775e-20
0.00000000000000000e+00 0.00000000000000000e+00
9.90526928835104237e-20 -1.38534846654743380e-20
0.00000000000000000e+00 0.00000000000000000e+00
1.10378728173369102e-20 8.16893014838957455e-20
0.00000000000000000e+00 0.00000000000000000e+00
2.90890523645171986e-19 -5.98123000829989870e-19
0.00000000000000000e+00 0.00000000000000000e+00
-1.80799957944324442e-19 -8.60885187130519044e-20
0.00000000000000000e+00 0.00000000000000000e+00
9.29931034224700008e-20 -3.23366618906201782e-20
0.00000000000000000e+00 0.00000000000000000e+00
1.70974622783775770e-20 5.00503839051618133e-20
0.00000000000000000e+00 0.00000000000000000e+00
1.01273433019933658e-19 -8.99687639150837303e-20
0.00000000000000000e+00 0.00000000000000000e+00
8.81713268091396661e-21 1.03953852681043113e-20
0.00000000000000000e+00 0.00000000000000000e+00
1.19002391245220668e-19 6.72829729539098043e-21
0.00000000000000000e+00 0.00000000000000000e+00
-8.91182554437303186e-21 1.45583102099897744e-19
0.00000000000000000e+00 0.00000000000000000e+00
-6.01245656586834391e-20 2.85025246667450822e-19
0.00000000000000000e+00 0.00000000000000000e+00
1.70215131359530719e-19 3.49844422054768625e-20
0.00000000000000000e+00 0.00000000000000000e+00
9.46663137595324057e-20 -6.19466654392293920e-20
0.00000000000000000e+00 0.00000000000000000e+00
1.54242519413150005e-20 2.40730226160419759e-20
0.00000000000000000e+00 0.00000000000000000e+00
1.40463773491850968e-19 -2.05505874636388982e-19
0.00000000000000000e+00 0.00000000000000000e+00
-3.03732077910034291e-20 -2.00570927512487348e-20
0.00000000000000000e+00 0.00000000000000000e+00
9.67355038336693710e-20 -1.83900503394206873e-20
0.00000000000000000e+00 0.00000000000000000e+00
1.33550618671779298e-20 7.21219762699042191e-20
0.00000000000000000e+00 0.00000000000000000e+00
6.66028440034591256e-19 -1.55921345998714459e-18
0.00000000000000000e+00 0.00000000000000000e+00
-5.55937874333743663e-19 -2.32731554239342421e-19
0.00000000000000000e+00 0.00000000000000000e+00
9.25818595166055052e-20 -3.73653236221612353e-20
0.00000000000000000e+00 0.00000000000000000e+00
1.75087061842419461e-20 4.41288864324655881e-20
0.00000000000000000e+00 0.00000000000000000e+00
1.05057453318545252e-19 -1.02962942371938160e-19
0.00000000000000000e+00 0.00000000000000000e+00
5.03311238230222814e-21 5.61654695290592277e-21
0.00000000000000000e+00 0.00000000000000000e+00
1.11604830998687990e-19 8.54449989315743302e-22
0.00000000000000000e+00 0.00000000000000000e+00
-1.51426529784037868e-21 1.23648697807393091e-19
0.00000000000000000e+00 0.00000000000000000e+00
-2.23344818393524818e-19 7.07493224523459551e-19
0.00000000000000000e+00 0.00000000000000000e+00
3.33435384094372315e-19 1.03091241101705193e-19
0.00000000000000000e+00 0.00000000000000000e+00
9.28551904309065949e-20 -4.85198595937080667e-20
0.00000000000000000e+00 0.00000000000000000e+00
1.72353752699410069e-20 3.35677686392076489e-20
0.00000000000000000e+00 0.00000000000000000e+00
1.16920186039453376e-19 -1.39514369378110967e-19
0.00000000000000000e+00 0.00000000000000000e+00
-6.82962033860584962e-21 -5.18015977664254759e-21
0.00000000000000000e+00 0.00000000000000000e+00
1.02122688848822273e-19 -9.22286587910548196e-21
0.00000000000000000e+00 0.00000000000000000e+00
7.96787685202525319e-21 9.29850697933262945e-20
0.00000000000000000e+00 0.00000000000000000e+00
2.02047970952534454e-19 -3.68421218771017522e-19
0.00000000000000000e+00 0.00000000000000000e+00
-9.19574052516870057e-20 -4.92693672495846731e-20
0.00000000000000000e+00 0.00000000000000000e+00
9.37907313578709078e-20 -2.75511060009856410e-20
0.00000000000000000e+00 0.00000000000000000e+00
1.62998343429766880e-20 5.65676389609474831e-20
0.00000000000000000e+00 0.00000000000000000e+00
9.84099983056839773e-20 -7.91550751272781650e-20
0.00000000000000000e+00 0.00000000000000000e+00
1.16805673951634996e-20 1.49923816772732519e-20
0.00000000000000000e+00 0.00000000000000000e+00
1.29450607802154263e-19 1.36776199926135553e-20
0.00000000000000000e+00 0.00000000000000000e+00
-1.93600421013067932e-20 1.75216143729702187e-19
0.00000000000000000e+00 0.00000000000000000e+00
-4.58548038599181058e-20 2.47174935335466573e-19
0.00000000000000000e+00 0.00000000000000000e+00
1.55945369560765368e-19 2.81146589008600815e-20
0.00000000000000000e+00 0.00000000000000000e+00
9.53960547567171653e-20 -6.58150601589661122e-20
0.00000000000000000e+00 0.00000000000000000e+00
1.46945109441305057e-20 2.17889403560938414e-20
0.00000000000000000e+00 0.00000000000000000e+00
1.50138414835973411e-19 -2.31637434857532928e-19
0.00000000000000000e+00 0.00000000000000000e+00
-4.00478491351257702e-20 -2.51844132700705136e-20
0.00000000000000000e+00 0.00000000000000000e+00
9.58083907046778152e-20 -2.06536113617741888e-20
0.00000000000000000e+00 0.00000000000000000e+00
1.42821749961686882e-20 6.78455957848083112e-20
0.00000000000000000e+00 0.00000000000000000e+00
3.10812112342204355e-18 -7.79947545200950470e-18
0.00000000000000000e+00 0.00000000000000000e+00
-2.99803055772119577e-18 -1.17106055746720567e-18
0.00000000000000000e+00 0.00000000000000000e+00
9.25140412458016614e-20 -3.99979450517596675e-20
0.00000000000000000e+00 0.00000000000000000e+00
1.75765244550459645e-20 4.13490273776679493e-20
0.00000000000000000e+00 0.00000000000000000e+00
1.07391689828108610e-19 -1.10534210580310848e-19
0.00000000000000000e+00 0.00000000000000000e+00
2.69887587273866888e-21 3.11304936515413606e-21
0.00000000000000000e+00 0.00000000000000000e+00
1.08692492500649315e-19 -1.82253886006017111e-21
0.00000000000000000e+00 0.00000000000000000e+00
1.39807320019887175e-21 1.14648843465512957e-19
0.00000000000000000e+00 0.00000000000000000e+00
-1.49641998623236523e-19 5.17842008440755023e-19
0.00000000000000000e+00 0.00000000000000000e+00
2.59732564324083827e-19 7.34533669226464512e-20
0.00000000000000000e+00 0.00000000000000000e+00
9.31550661298124751e-20 -5.16179663628994986e-20
0.00000000000000000e+00 0.00000000000000000e+00
1.69354995710352682e-20 3.11207104036695619e-20
0.00000000000000000e+00 0.00000000000000000e+00
1.21270897801942635e-19 -1.52121859409031121e-19
0.00000000000000000e+00 0.00000000000000000e+00
-1.11803321010952586e-20 -8.34198774273024050e-21
0.00000000000000000e+00 0.00000000000000000e+00
1.00481158552717163e-19 -1.15567301222000813e-20
0.00000000000000000e+00 0.00000000000000000e+00
9.60940714813038662e-21 8.70873426025924066e-20
0.00000000000000000e+00 0.00000000000000000e+00
2.35942816127443385e-19 -4.56383332014680734e-19
0.00000000000000000e+00 0.00000000000000000e+00
-1.25852250426595912e-19 -6.36436928529954406e-20
0.00000000000000000e+00 0.00000000000000000e+00
9.33415844271013783e-20 -2.99186339402666804e-20
0.00000000000000000e+00 0.00000000000000000e+00
1.67489812737460489e-20 5.32249854888551968e-20
0.00000000000000000e+00 0.00000000000000000e+00
9.97420530821980584e-20 -8.43305993496240244e-20
0.00000000000000000e+00 0.00000000000000000e+00
1.03485126186496337e-20 1.27088300694490771e-20
0.00000000000000000e+00 0.00000000000000000e+00
1.23749152766953499e-19 1.00305185891095084e-20
0.00000000000000000e+00 0.00000000000000000e+00
-1.36585870661058701e-20 1.59190833775435393e-19
0.00000000000000000e+00 0.00000000000000000e+00
-7.94728086694349610e-20 3.35838350896979545e-19
0.00000000000000000e+00 0.00000000000000000e+00
1.89563374370282470e-19 4.37913242339618332e-20
0.00000000000000000e+00 0.00000000000000000e+00
9.40548065061065054e-20 -5.83088703716914615e-20
0.00000000000000000e+00 0.00000000000000000e+00
1.60357591947410211e-20 2.63831979327488127e-20
0.00000000000000000e+00 0.00000000000000000e+00
1.32745817866839210e-19 -1.84356991784457292e-19
0.00000000000000000e+00 0.00000000000000000e+00
-2.26552521659916567e-20 -1.56643649022225351e-20
0.00000000000000000e+00 0.00000000000000000e+00
9.78111954355237546e-20 -1.61271130582333371e-20
0.00000000000000000e+00 0.00000000000000000e+00
1.22793702653235568e-20 7.67203059907143214e-20
0.00000000000000000e+00 0.00000000000000000e+00
3.94958064372631497e-19 -8.65345706718455543e-19
0.00000000000000000e+00 0.00000000000000000e+00
-2.84867498671784145e-19 -1.27374211236290918e-19
0.00000000000000000e+00 0.00000000000000000e+00
9.27409004459943075e-20 -3.48153419218241770e-20
0.00000000000000000e+00 0.00000000000000000e+00
1.73496652548530776e-20 4.70241557444607520e-20
0.00000000000000000e+00 0.00000000000000000e+00
1.03033179028121633e-19 -9.61475744916946943e-20
0.00000000000000000e+00 0.00000000000000000e+00
7.05738667272593306e-21 8.03709120021544351e-21
0.00000000000000000e+00 0.00000000000000000e+00
1.15004262073355734e-19 3.68959429495845585e-21
0.00000000000000000e+00 0.00000000000000000e+00
-4.91369637250803969e-21 1.33864215462712951e-19
0.00000000000000000e+00 0.00000000000000000e+00
-3.81634329167855847e-19 1.11323688949146080e-18
0.00000000000000000e+00 0.00000000000000000e+00
4.91724894868703391e-19 1.65178670307822904e-19
0.00000000000000000e+00 0.00000000000000000e+00
9.26498826604159119e-20 -4.55611625776390606e-20
0.00000000000000000e+00 0.00000000000000000e+00
1.74406830404316899e-20 3.60807298940478593e-20
0.00000000000000000e+00 0.00000000000000000e+00
1.13237425625252669e-19 -1.28588406477393091e-19
0.00000000000000000e+00 0.00000000000000000e+00
-3.14685992440533702e-21 -2.24969559827156154e-21
0.00000000000000000e+00 0.00000000000000000e+00
1.04009658027010423e-19 -6.83580496005374020e-21
0.00000000000000000e+00 0.00000000000000000e+00
6.08090767383685749e-21 9.94688565257480209e-20
0.00000000000000000e+00 0.00000000000000000e+00
1.79102233222546167e-19 -3.08422481147425929e-19
0.00000000000000000e+00 0.00000000000000000e+00
-6.90116675216987066e-20 -3.90872334962855684e-20
0.00000000000000000e+00 0.00000000000000000e+00
9.43463419865444247e-20 -2.52242403334444136e-20
0.00000000000000000e+00 0.00000000000000000e+00
1.57442237143031741e-20 6.01007693788516696e-20
0.00000000000000000e+00 0.00000000000000000e+00
9.72537830182929498e-20 -7.43780535103969949e-20
0.00000000000000000e+00 0.00000000000000000e+00
1.28367826825545843e-20 1.72591889947265643e-20
0.00000000000000000e+00 0.00000000000000000e+00
1.36397699434093921e-19 1.77834136489223433e-20
0.00000000000000000e+00 0.00000000000000000e+00
-2.63071337332463007e-20 1.94404499382989266e-19
0.00000000000000000e+00 0.00000000000000000e+00
-4.00478491351256438e-20 2.31637434857533313e-19
0.00000000000000000e+00 0.00000000000000000e+00
1.50138414835973387e-19 2.51844132700707423e-20
0.00000000000000000e+00 0.00000000000000000e+00
9.58083907046785494e-20 -6.78455957848084195e-20
0.00000000000000000e+00 0.00000000000000000e+00
1.42821749961693743e-20 2.06536113617745890e-20
0.00000000000000000e+00 0.00000000000000000e+00
1.55945369560765656e-19 -2.47174935335467151e-19
0.00000000000000000e+00 0.00000000000000000e+00
-4.58548038599183706e-20 -2.81146589008599672e-20
0.00000000000000000e+00 0.00000000000000000e+00
9.53960547567171773e-20 -2.17889403560942477e-20
0.00000000000000000e+00 0.00000000000000000e+00
1.46945109441302680e-20 6.58150601589660641e-20
0.00000000000000000e+00 0.00000000000000000e+00
-2.99803055772119577e-18 7.79947545200950470e-18
0.00000000000000000e+00 0.00000000000000000e+00
3.10812112342204355e-18 1.17106055746720433e-18
0.00000000000000000e+00 0.00000000000000000e+00
9.25140412458020707e-20 -4.13490273776682503e-20
0.00000000000000000e+00 0.00000000000000000e+00
1.75765244550449714e-20 3.99979450517581087e-20
0.00000000000000000e+00 0.00000000000000000e+00
1.08692492500649002e-19 -1.14648843465512138e-19
0.00000000000000000e+00 0.00000000000000000e+00
1.39807320019852625e-21 1.82253886006017186e-21
0.00000000000000000e+00 0.00000000000000000e+00
1.07391689828108658e-19 -3.11304936515388779e-21
0.00000000000000000e+00 0.00000000000000000e+00
2.69887587273843641e-21 1.10534210580310343e-19
0.00000000000000000e+00 0.00000000000000000e+00
-1.25852250426595551e-19 4.56383332014680734e-19
0.00000000000000000e+00 0.00000000000000000e+00
2.35942816127443673e-19 6.36436928529952962e-20
0.00000000000000000e+00 0.00000000000000000e+00
9.33415844271011737e-20 -5.32249854888554435e-20
0.00000000000000000e+00 0.00000000000000000e+00
1.67489812737461061e-20 2.99186339402668068e-20
0.00000000000000000e+00 0.00000000000000000e+00
1.23749152766953090e-19 -1.59190833775435369e-19
0.00000000000000000e+00 0.00000000000000000e+00
-1.36585870661057588e-20 -1.00305185891094468e-20
0.00000000000000000e+00 0.00000000000000000e+00
9.97420530821981426e-20 -1.27088300694489763e-20
0.00000000000000000e+00 0.00000000000000000e+00
1.03485126186495494e-20 8.43305993496237235e-20
0.00000000000000000e+00 0.00000000000000000e+00
2.59732564324084020e-19 -5.17842008440755697e-19
0.00000000000000000e+00 0.00000000000000000e+00
-1.49641998623236692e-19 -7.34533669226463308e-20
0.00000000000000000e+00 0.00000000000000000e+00
9.31550661298120658e-20 -3.11207104036697786e-20
0.00000000000000000e+00 0.00000000000000000e+00
1.69354995710354367e-20 5.16179663628999620e-20
0.00000000000000000e+00 0.00000000000000000e+00
1.00481158552717006e-19 -8.70873426025925029e-20
0.00000000000000000e+00 0.00000000000000000e+00
9.60940714813041972e-21 1.15567301221997368e-20
0.00000000000000000e+00 0.00000000000000000e+00
1.21270897801942972e-19 8.34198774273009004e-21
0.00000000000000000e+00 0.00000000000000000e+00
-1.11803321010950690e-20 1.52121859409031193e-19
0.00000000000000000e+00 0.00000000000000000e+00
-6.90116675216985983e-20 3.08422481147425881e-19
0.00000000000000000e+00 0.00000000000000000e+00
1.79102233222545998e-19 3.90872334962854480e-20
0.00000000000000000e+00 0.00000000000000000e+00
9.43463419865443525e-20 -6.01007693788515612e-20
0.00000000000000000e+00 0.00000000000000000e+00
1.57442237143031620e-20 2.52242403334443866e-20
0.00000000000000000e+00 0.00000000000000000e+00
1.36397699434093704e-19 -1.94404499382989169e-19
0.00000000000000000e+00 0.00000000000000000e+00
-2.63071337332464181e-20 -1.77834136489223464e-20
0.00000000000000000e+00 0.00000000000000000e+00
9.72537830182929257e-20 -1.72591889947265643e-20
0.00000000000000000e+00 0.00000000000000000e+00
1.28367826825546008e-20 7.43780535103969347e-20
0.00000000000000000e+00 0.00000000000000000e+00
4.91724894868703199e-19 -1.11323688949146080e-18
0.00000000000000000e+00 0.00000000000000000e+00
-3.81634329167855991e-19 -1.65178670307822832e-19
0.00000000000000000e+00 0.00000000000000000e+00
9.26498826604156110e-20 -3.60807298940478833e-20
0.00000000000000000e+00 0.00000000000000000e+00
1.74406830404319125e-20 4.55611625776392231e-20
0.00000000000000000e+00 0.00000000000000000e+00
1.04009658027010676e-19 -9.94688565257480329e-20
0.00000000000000000e+00 0.00000000000000000e+00
6.08090767383682138e-21 6.83580496005354460e-21
0.00000000000000000e+00 0.00000000000000000e+00
1.13237425625252838e-19 2.24969559827160217e-21
0.00000000000000000e+00 0.00000000000000000e+00
-3.14685992440526781e-21 1.28588406477392970e-19
0.00000000000000000e+00 0.00000000000000000e+00
-2.84867498671784001e-19 8.65345706718455543e-19
0.00000000000000000e+00 0.00000000000000000e+00
3.94958064372631546e-19 1.27374211236290773e-19
0.00000000000000000e+00 0.00000000000000000e+00
9.27409004459944881e-20 -4.70241557444609265e-20
0.00000000000000000e+00 0.00000000000000000e+00
1.73496652548528399e-20 3.48153419218240506e-20
0.00000000000000000e+00 0.00000000000000000e+00
1.15004262073355541e-19 -1.33864215462712854e-19
0.00000000000000000e+00 0.00000000000000000e+00
-4.91369637250812470e-21 -3.68959429495849121e-21
0.00000000000000000e+00 0.00000000000000000e+00
1.03033179028121729e-19 -8.03709120021540740e-21
0.00000000000000000e+00 0.00000000000000000e+00
7.05738667272600829e-21 9.61475744916945619e-20
0.00000000000000000e+00 0.00000000000000000e+00
1.89563374370282325e-19 -3.35838350896979641e-19
0.00000000000000000e+00 0.00000000000000000e+00
-7.94728086694348647e-20 -4.37913242339617129e-20
0.00000000000000000e+00 0.00000000000000000e+00
9.40548065061065175e-20 -2.63831979327488368e-20
0.00000000000000000e+00 0.00000000000000000e+00
1.60357591947411024e-20 5.83088703716913652e-20
0.00000000000000000e+00 0.00000000000000000e+00
9.78111954355238269e-20 -7.67203059907144899e-20
0.00000000000000000e+00 0.00000000000000000e+00
1.22793702653236786e-20 1.61271130582334485e-20
0.00000000000000000e+00 0.00000000000000000e+00
1.32745817866839331e-19 1.56643649022227066e-20
0.00000000000000000e+00 0.00000000000000000e+00
-2.26552521659917349e-20 1.84356991784457605e-19
0.00000000000000000e+00 0.00000000000000000e+00
-5.24860844113978620e-20 2.64815062577633266e-19
0.00000000000000000e+00 0.00000000000000000e+00
1.62576650112245256e-19 3.13578693703697676e-20
0.00000000000000000e+00 0.00000000000000000e+00
9.50158128194414536e-20 -6.38501413256973139e-20
0.00000000000000000e+00 0.00000000000000000e+00
1.50747528814057570e-20 2.29283306233594797e-20
0.00000000000000000e+00 0.00000000000000000e+00
1.45014729443016178e-19 -2.17841961897478070e-19
0.00000000000000000e+00 0.00000000000000000e+00
-3.49241637421686274e-20 -2.25127755329449085e-20
0.00000000000000000e+00 0.00000000000000000e+00
9.62543198640499115e-20 -1.95210796940117972e-20
0.00000000000000000e+00 0.00000000000000000e+00
1.38362458367976270e-20 6.99462670063320543e-20
0.00000000000000000e+00 0.00000000000000000e+00
1.07294161060304484e-18 -2.59944650121706354e-18
0.00000000000000000e+00 0.00000000000000000e+00
-9.62851044902197628e-19 -3.89531146244370555e-19
0.00000000000000000e+00 0.00000000000000000e+00
9.25366246281969456e-20 -3.86705633479617686e-20
0.00000000000000000e+00 0.00000000000000000e+00
1.75539410726507254e-20 4.27254389896808852e-20
0.00000000000000000e+00 0.00000000000000000e+00
1.06182549792522767e-19 -1.06645523037191822e-19
0.00000000000000000e+00 0.00000000000000000e+00
3.90801590832485384e-21 4.37661973464669671e-21
0.00000000000000000e+00 0.00000000000000000e+00
1.10093596308878388e-19 -5.01412665176931133e-22
0.00000000000000000e+00 0.00000000000000000e+00
-3.03060803097945243e-24 1.19011851957538138e-19
0.00000000000000000e+00 0.00000000000000000e+00
-1.80799957944324562e-19 5.98123000829989774e-19
0.00000000000000000e+00 0.00000000000000000e+00
2.90890523645171938e-19 8.60885187130517599e-20
0.00000000000000000e+00 0.00000000000000000e+00
9.29931034224701933e-20 -5.00503839051618675e-20
0.00000000000000000e+00 0.00000000000000000e+00
1.70974622783775258e-20 3.23366618906201963e-20
0.00000000000000000e+00 0.00000000000000000e+00
1.19002391245220500e-19 -1.45583102099897720e-19
0.00000000000000000e+00 0.00000000000000000e+00
-8.91182554437292052e-21 -6.72829729539106770e-21
0.00000000000000000e+00 0.00000000000000000e+00
1.01273433019933766e-19 -1.03953852681043985e-20
0.00000000000000000e+00 0.00000000000000000e+00
8.81713268091384774e-21 8.99687639150837183e-20
0.00000000000000000e+00 0.00000000000000000e+00
2.17194697755485358e-19 -4.07802951139807204e-19
0.00000000000000000e+00 0.00000000000000000e+00
-1.07104132054637813e-19 -5.57666267827948368e-20
0.00000000000000000e+00 0.00000000000000000e+00
9.35532472750006046e-20 -2.87291775689225237e-20
0.00000000000000000e+00 0.00000000000000000e+00
1.65373184258469220e-20 5.48739748842376872e-20
0.00000000000000000e+00 0.00000000000000000e+00
9.90526928835106645e-20 -8.16893014838957215e-20
0.00000000000000000e+00 0.00000000000000000e+00
1.10378728173369117e-20 1.38534846654742748e-20
0.00000000000000000e+00 0.00000000000000000e+00
1.26464790903815584e-19 1.18047762644352534e-20
0.00000000000000000e+00 0.00000000000000000e+00
-1.63742252029682257e-20 1.66860908395549656e-19
0.00000000000000000e+00 0.00000000000000000e+00
-9.19574052516868492e-20 3.68421218771017234e-19
0.00000000000000000e+00 0.00000000000000000e+00
2.02047970952534334e-19 4.92693672495846069e-20
0.00000000000000000e+00 0.00000000000000000e+00
9.37907313578707513e-20 -5.65676389609476516e-20
0.00000000000000000e+00 0.00000000000000000e+00
1.62998343429766007e-20 2.75511060009855567e-20
0.00000000000000000e+00 0.00000000000000000e+00
1.29450607802154166e-19 -1.75216143729701994e-19
0.00000000000000000e+00 0.00000000000000000e+00
-1.93600421013067210e-20 -1.36776199926135042e-20
0.00000000000000000e+00 0.00000000000000000e+00
9.84099983056840375e-20 -1.49923816772732790e-20
0.00000000000000000e+00 0.00000000000000000e+00
1.16805673951634605e-20 7.91550751272782734e-20
0.00000000000000000e+00 0.00000000000000000e+00
3.33435384094372218e-19 -7.07493224523459648e-19
0.00000000000000000e+00 0.00000000000000000e+00
-2.23344818393524722e-19 -1.03091241101705253e-19
0.00000000000000000e+00 0.00000000000000000e+00
9.28551904309064504e-20 -3.35677686392075165e-20
0.00000000000000000e+00 0.00000000000000000e+00
1.72353752699408986e-20 4.85198595937081509e-20
0.00000000000000000e+00 0.00000000000000000e+00
1.02122688848822201e-19 -9.29850697933263306e-20
0.00000000000000000e+00 0.00000000000000000e+00
7.96787685202520053e-21 9.22286587910557976e-21
0.00000000000000000e+00 0.00000000000000000e+00
1.16920186039453472e-19 5.18015977664261455e-21
0.00000000000000000e+00 0.00000000000000000e+00
-6.82962033860601363e-21 1.39514369378110942e-19
0.00000000000000000e+00 0.00000000000000000e+00
-5.55937874333743374e-19 1.55921345998714420e-18
0.00000000000000000e+00 0.00000000000000000e+00
6.66028440034590774e-19 2.32731554239342662e-19
0.00000000000000000e+00 0.00000000000000000e+00
9.25818595166056617e-20 -4.41288864324652150e-20
0.00000000000000000e+00 0.00000000000000000e+00
1.75087061842418588e-20 3.73653236221608622e-20
0.00000000000000000e+00 0.00000000000000000e+00
1.11604830998688014e-19 -1.23648697807393187e-19
0.00000000000000000e+00 0.00000000000000000e+00
-1.51426529784036664e-21 -8.54449989315658102e-22
0.00000000000000000e+00 0.00000000000000000e+00
1.05057453318545216e-19 -5.61654695290574372e-21
0.00000000000000000e+00 0.00000000000000000e+00
5.03311238230219203e-21 1.02962942371937979e-19
0.00000000000000000e+00 0.00000000000000000e+00
1.70215131359530791e-19 -2.85025246667450966e-19
0.00000000000000000e+00 0.00000000000000000e+00
-6.01245656586833909e-20 -3.49844422054767422e-20
0.00000000000000000e+00 0.00000000000000000e+00
9.46663137595323575e-20 -2.40730226160419969e-20
0.00000000000000000e+00 0.00000000000000000e+00
1.54242519413151630e-20 6.19466654392295003e-20
0.00000000000000000e+00 0.00000000000000000e+00
9.67355038336693831e-20 -7.21219762699042673e-20
0.00000000000000000e+00 0.00000000000000000e+00
1.33550618671781615e-20 1.83900503394207655e-20
0.00000000000000000e+00 0.00000000000000000e+00
1.40463773491850895e-19 2.00570927512487198e-20
0.00000000000000000e+00 0.00000000000000000e+00
-3.03732077910033629e-20 2.05505874636388886e-19
