# n_qubits=10; one amplitude per line: real imag; index = sum_k x_k 2^(n-1-k), qubit 0 = most significant bit
0.00000000000000000e+00 0.00000000000000000e+00
1.95312499999999978e-03 -4.44887515650669717e-04
0.00000000000000000e+00 0.00000000000000000e+00
1.95312500000000694e-03 8.57452082027038848e-03
0.00000000000000000e+00 0.00000000000000000e+00
1.95312499999999566e-03 1.22842408761177080e-03
0.00000000000000000e+00 0.00000000000000000e+00
1.95312500000000347e-03 -3.10535856801806174e-03
0.00000000000000000e+00 0.00000000000000000e+00
1.95312500000000000e-03 3.32730078258664463e-04
0.00000000000000000e+00 0.00000000000000000e+00
1.95312499999999284e-03 -1.14648404664499486e-02
0.00000000000000000e+00 0.00000000000000000e+00
1.95312500000000564e-03 2.75522999968809109e-03
0.00000000000000000e+00 0.00000000000000000e+00
1.95312499999999870e-03 -1.38452951879040388e-03
0.00000000000000000e+00 0.00000000000000000e+00
1.95312500000000477e-03 -5.39427214765178715e-05
0.00000000000000000e+00 0.00000000000000000e+00
1.95312500000002559e-03 7.07175530119588114e-02
0.00000000000000000e+00 0.00000000000000000e+00
1.95312500000000000e-03 1.84813912756883348e-03
0.00000000000000000e+00 0.00000000000000000e+00
1.95312499999999610e-03 -2.06407472723284550e-03
0.00000000000000000e+00 0.00000000000000000e+00
1.95312500000000130e-03 7.46527842297054671e-04
0.00000000000000000e+00 0.00000000000000000e+00
1.95312499999999761e-03 -5.10991961651054236e-03
0.00000000000000000e+00 0.00000000000000000e+00
1.95312500000000217e-03 4.36994188487019319e-03
0.00000000000000000e+00 0.00000000000000000e+00
1.95312500000000434e-03 -8.72940044999774957e-04
0.00000000000000000e+00 0.00000000000000000e+00
1.95312500000000607e-03 -2.46980580703774343e-04
0.00000000000000000e+00 0.00000000000000000e+00
1.95312500000000694e-03 1.54453328061458957e-02
0.00000000000000000e+00 0.00000000000000000e+00
1.95312500000000173e-03 1.51461518400039909e-03
0.00000000000000000e+00 0.00000000000000000e+00
1.95312499999999935e-03 -2.51859172278310652e-03
0.00000000000000000e+00 0.00000000000000000e+00
1.95312499999999718e-03 5.34056923426250597e-04
0.00000000000000000e+00 0.00000000000000000e+00
1.95312499999999848e-03 -7.14286642171358538e-03
0.00000000000000000e+00 0.00000000000000000e+00
1.95312500000000651e-03 3.42321645760694081e-03
0.00000000000000000e+00 0.00000000000000000e+00
1.95312499999999523e-03 -1.11436051820448931e-03
0.00000000000000000e+00 0.00000000000000000e+00
1.95312500000000087e-03 1.38047782863978371e-04
0.00000000000000000e+00 0.00000000000000000e+00
1.95312500000000000e-03 -2.76331657523515017e-02
0.00000000000000000e+00 0.00000000000000000e+00
1.95312499999999566e-03 2.25021933115098502e-03
0.00000000000000000e+00 0.00000000000000000e+00
1.95312499999999827e-03 -1.69525575254647685e-03
0.00000000000000000e+00 0.00000000000000000e+00
1.95312500000000043e-03 9.75621736274690822e-04
0.00000000000000000e+00 0.00000000000000000e+00
1.95312500000000130e-03 -3.91001668350585488e-03
0.00000000000000000e+00 0.00000000000000000e+00
1.95312500000000477e-03 5.85185613343791600e-03
0.00000000000000000e+00 0.00000000000000000e+00
1.95312500000000173e-03 -6.51878169702012908e-04
0.00000000000000000e+00 0.00000000000000000e+00
1.95312500000000000e-03 -3.45075165982071158e-04
0.00000000000000000e+00 0.00000000000000000e+00
1.95312500000000477e-03 1.10546850126652472e-02
0.00000000000000000e+00 0.00000000000000000e+00
1.95312500000000564e-03 1.36660086382169575e-03
0.00000000000000000e+00 0.00000000000000000e+00
1.95312499999999349e-03 -2.79137630204419514e-03
0.00000000000000000e+00 0.00000000000000000e+00
1.95312500000000390e-03 4.32298927850346048e-04
0.00000000000000000e+00 0.00000000000000000e+00
1.95312500000000173e-03 -8.82421171987187586e-03
0.00000000000000000e+00 0.00000000000000000e+00
1.95312500000000000e-03 3.06348713663044366e-03
0.00000000000000000e+00 0.00000000000000000e+00
1.95312499999999458e-03 -1.24521406341559712e-03
0.00000000000000000e+00 0.00000000000000000e+00
1.95312499999999761e-03 4.19512367687350013e-05
0.00000000000000000e+00 0.00000000000000000e+00
1.95312499999998937e-03 -9.09316997411615535e-02
0.00000000000000000e+00 0.00000000000000000e+00
1.95312500000000651e-03 2.03886917553264616e-03
0.00000000000000000e+00 0.00000000000000000e+00
1.95312500000000130e-03 -1.87098677610270775e-03
0.00000000000000000e+00 0.00000000000000000e+00
1.95312500000000651e-03 8.58600993858421612e-04
0.00000000000000000e+00 0.00000000000000000e+00
1.95312499999999957e-03 -4.44292202421329909e-03
0.00000000000000000e+00 0.00000000000000000e+00
1.95312500000000304e-03 5.01738865565309888e-03
0.00000000000000000e+00 0.00000000000000000e+00
1.95312499999999805e-03 -7.60295350316742436e-04
0.00000000000000000e+00 0.00000000000000000e+00
1.95312500000000217e-03 -1.50097254652215489e-04
0.00000000000000000e+00 0.00000000000000000e+00
1.95312500000000997e-03 2.54148370299218836e-02
0.00000000000000000e+00 0.00000000000000000e+00
1.95312500000000260e-03 1.67435398581529263e-03
0.00000000000000000e+00 0.00000000000000000e+00
1.95312499999999957e-03 -2.27830990217253032e-03
0.00000000000000000e+00 0.00000000000000000e+00
1.95312500000000607e-03 6.38585994944665392e-04
0.00000000000000000e+00 0.00000000000000000e+00
1.95312499999999588e-03 -5.97366258549956054e-03
0.00000000000000000e+00 0.00000000000000000e+00
1.95312500000000130e-03 3.85073057363426348e-03
0.00000000000000000e+00 0.00000000000000000e+00
1.95312499999999892e-03 -9.90642474896590713e-04
0.00000000000000000e+00 0.00000000000000000e+00
1.95312499999999935e-03 2.34814008014042058e-04
0.00000000000000000e+00 0.00000000000000000e+00
1.95312499999999371e-03 -1.62456119968659683e-02
0.00000000000000000e+00 0.00000000000000000e+00
1.95312500000000217e-03 2.48692954590743484e-03
0.00000000000000000e+00 0.00000000000000000e+00
1.95312500000000520e-03 -1.53389840572788565e-03
0.00000000000000000e+00 0.00000000000000000e+00
1.95312500000000347e-03 1.09853028640395927e-03
0.00000000000000000e+00 0.00000000000000000e+00
1.95312499999999848e-03 -3.47254628555797697e-03
0.00000000000000000e+00 0.00000000000000000e+00
1.95312500000000087e-03 6.97437526400973822e-03
0.00000000000000000e+00 0.00000000000000000e+00
1.95312500000000781e-03 -5.46958992199665260e-04
0.00000000000000000e+00 0.00000000000000000e+00
1.95312499999999089e-03 -3.94733737981630480e-04
0.00000000000000000e+00 0.00000000000000000e+00
1.95312500000000304e-03 9.66397573496144760e-03
0.00000000000000000e+00 0.00000000000000000e+00
1.95312500000000217e-03 1.29638673928324623e-03
0.00000000000000000e+00 0.00000000000000000e+00
1.95312500000001518e-03 -2.94256115866636456e-03
0.00000000000000000e+00 0.00000000000000000e+00
1.95312500000000000e-03 3.82275299949326399e-04
0.00000000000000000e+00 0.00000000000000000e+00
1.95312499999999393e-03 -9.97892687843126430e-03
0.00000000000000000e+00 0.00000000000000000e+00
1.95312499999998113e-03 2.90373338117039682e-03
0.00000000000000000e+00 0.00000000000000000e+00
1.95312499999998937e-03 -1.31372160073712769e-03
0.00000000000000000e+00 0.00000000000000000e+00
1.95312500000001952e-03 -5.99213125273563123e-06
0.00000000000000000e+00 0.00000000000000000e+00
1.95312500000004727e-03 6.36617774995510532e-01
0.00000000000000000e+00 0.00000000000000000e+00
1.95312499999999328e-03 1.94117739241043735e-03
0.00000000000000000e+00 0.00000000000000000e+00
1.95312499999994080e-03 -1.96514614302616781e-03
0.00000000000000000e+00 0.00000000000000000e+00
1.95312500000000954e-03 8.01999555506995184e-04
0.00000000000000000e+00 0.00000000000000000e+00
1.95312499999998352e-03 -4.75648301726738949e-03
0.00000000000000000e+00 0.00000000000000000e+00
1.95312499999998786e-03 4.67464486448266030e-03
0.00000000000000000e+00 0.00000000000000000e+00
1.95312500000000260e-03 -8.16040015062633080e-04
0.00000000000000000e+00 0.00000000000000000e+00
1.95312500000000564e-03 -1.98418109194529188e-04
0.00000000000000000e+00 0.00000000000000000e+00
1.95312500000000304e-03 1.92255499314585403e-02
0.00000000000000000e+00 0.00000000000000000e+00
1.95312499999999696e-03 1.59288553478597532e-03
0.00000000000000000e+00 0.00000000000000000e+00
1.95312500000000043e-03 -2.39483452032069732e-03
0.00000000000000000e+00 0.00000000000000000e+00
1.95312499999999024e-03 5.85936553106066165e-04
0.00000000000000000e+00 0.00000000000000000e+00
1.95312500000002082e-03 -6.51042718772738230e-03
0.00000000000000000e+00 0.00000000000000000e+00
1.95312499999999415e-03 3.62722827798661173e-03
0.00000000000000000e+00 0.00000000000000000e+00
1.95312500000000390e-03 -1.05168381289266343e-03
0.00000000000000000e+00 0.00000000000000000e+00
1.95312500000000824e-03 1.86317591568157197e-04
0.00000000000000000e+00 0.00000000000000000e+00
1.95312499999998894e-03 -2.04741658236260761e-02
0.00000000000000000e+00 0.00000000000000000e+00
1.95312499999998742e-03 2.36505619781464133e-03
0.00000000000000000e+00 0.00000000000000000e+00
1.95312500000001561e-03 -1.61294148914933010e-03
0.00000000000000000e+00 0.00000000000000000e+00
1.95312500000000651e-03 1.03627557933452428e-03
0.00000000000000000e+00 0.00000000000000000e+00
1.95312500000000173e-03 -3.68116101710577173e-03
0.00000000000000000e+00 0.00000000000000000e+00
1.95312499999998374e-03 6.36819184798635696e-03
0.00000000000000000e+00 0.00000000000000000e+00
1.95312500000001214e-03 -5.99023609320326143e-04
0.00000000000000000e+00 0.00000000000000000e+00
1.95312499999999783e-03 -2.95845493398341102e-04
0.00000000000000000e+00 0.00000000000000000e+00
1.95312499999999480e-03 1.28942213106106561e-02
0.00000000000000000e+00 0.00000000000000000e+00
1.95312499999999523e-03 1.43926923267021726e-03
0.00000000000000000e+00 0.00000000000000000e+00
1.95312500000000694e-03 -2.65044036170200949e-03
0.00000000000000000e+00 0.00000000000000000e+00
1.95312500000000477e-03 4.82869134324569345e-04
0.00000000000000000e+00 0.00000000000000000e+00
1.95312499999999957e-03 -7.90006441592283788e-03
0.00000000000000000e+00 0.00000000000000000e+00
1.95312499999999978e-03 3.23603609050520649e-03
0.00000000000000000e+00 0.00000000000000000e+00
1.95312499999998721e-03 -1.17881789910119082e-03
0.00000000000000000e+00 0.00000000000000000e+00
1.95312499999998894e-03 8.99451906856413020e-05
0.00000000000000000e+00 0.00000000000000000e+00
1.95312500000000260e-03 -4.24113533647153609e-02
0.00000000000000000e+00 0.00000000000000000e+00
1.95312500000000477e-03 2.14169960743149611e-03
0.00000000000000000e+00 0.00000000000000000e+00
1.95312500000001778e-03 -1.78115420686840876e-03
0.00000000000000000e+00 0.00000000000000000e+00
1.95312499999999870e-03 9.16437407206056832e-04
0.00000000000000000e+00 0.00000000000000000e+00
1.95312500000001258e-03 -4.16252897975310371e-03
0.00000000000000000e+00 0.00000000000000000e+00
1.95312499999999978e-03 5.40627100732392601e-03
0.00000000000000000e+00 0.00000000000000000e+00
1.95312500000000694e-03 -7.05606000967615426e-04
0.00000000000000000e+00 0.00000000000000000e+00
1.95312499999999653e-03 -1.01958376850886856e-04
0.00000000000000000e+00 0.00000000000000000e+00
1.95312500000001214e-03 3.74142604408448584e-02
0.00000000000000000e+00 0.00000000000000000e+00
1.95312499999999761e-03 1.75932512109479538e-03
0.00000000000000000e+00 0.00000000000000000e+00
1.95312499999999848e-03 -2.16827306100829008e-03
0.00000000000000000e+00 0.00000000000000000e+00
1.95312499999999848e-03 6.92087437753040498e-04
0.00000000000000000e+00 0.00000000000000000e+00
1.95312499999999545e-03 -5.51187184961766507e-03
0.00000000000000000e+00 0.00000000000000000e+00
1.95312500000000304e-03 4.09696800250792734e-03
0.00000000000000000e+00 0.00000000000000000e+00
1.95312500000000390e-03 -9.31102528330669853e-04
0.00000000000000000e+00 0.00000000000000000e+00
1.95312500000000000e-03 2.83597531854735995e-04
0.00000000000000000e+00 0.00000000000000000e+00
1.95312500000000911e-03 -1.34510947280703144e-02
0.00000000000000000e+00 0.00000000000000000e+00
1.95312499999999892e-03 2.61666775682463208e-03
0.00000000000000000e+00 0.00000000000000000e+00
1.95312500000000607e-03 -1.45784548140500650e-03
0.00000000000000000e+00 0.00000000000000000e+00
1.95312500000000173e-03 1.16252820274683854e-03
0.00000000000000000e+00 0.00000000000000000e+00
1.95312500000000000e-03 -3.28138040574981089e-03
0.00000000000000000e+00 0.00000000000000000e+00
1.95312500000000390e-03 7.69704631078374502e-03
0.00000000000000000e+00 0.00000000000000000e+00
1.95312499999999068e-03 -4.95605341529591374e-04
0.00000000000000000e+00 0.00000000000000000e+00
1.95312500000000217e-03 -4.19744487404635530e-04
0.00000000000000000e+00 0.00000000000000000e+00
1.95312500000000217e-03 9.08814142911570401e-03
0.00000000000000000e+00 0.00000000000000000e+00
1.95312499999999588e-03 1.26213592005792086e-03
0.00000000000000000e+00 0.00000000000000000e+00
1.95312500000000130e-03 -3.02241399282094205e-03
0.00000000000000000e+00 0.00000000000000000e+00
1.95312500000000000e-03 3.57447049354360654e-04
0.00000000000000000e+00 0.00000000000000000e+00
1.95312499999999848e-03 -1.06720625404945549e-02
0.00000000000000000e+00 0.00000000000000000e+00
1.95312499999999501e-03 2.82816218151618615e-03
0.00000000000000000e+00 0.00000000000000000e+00
1.95312500000000347e-03 -1.34882549896057783e-03
0.00000000000000000e+00 0.00000000000000000e+00
1.95312500000001041e-03 -2.99629124882883820e-05
0.00000000000000000e+00 0.00000000000000000e+00
1.95312500000001301e-03 1.27313967462758054e-01
0.00000000000000000e+00 0.00000000000000000e+00
1.95312500000000304e-03 1.89410460752502657e-03
0.00000000000000000e+00 0.00000000000000000e+00
1.95312499999998352e-03 -2.01398447079939591e-03
0.00000000000000000e+00 0.00000000000000000e+00
1.95312500000000434e-03 7.74128785072376369e-04
0.00000000000000000e+00 0.00000000000000000e+00
1.95312499999998330e-03 -4.92772951889179807e-03
0.00000000000000000e+00 0.00000000000000000e+00
1.95312500000000477e-03 4.51796832044663345e-03
0.00000000000000000e+00 0.00000000000000000e+00
1.95312500000000173e-03 -8.44339091170926326e-04
0.00000000000000000e+00 0.00000000000000000e+00
1.95312500000000000e-03 -2.22665372634336971e-04
0.00000000000000000e+00 0.00000000000000000e+00
1.95312500000000347e-03 1.71319735102662095e-02
0.00000000000000000e+00 0.00000000000000000e+00
1.95312500000000390e-03 1.55336837693902888e-03
0.00000000000000000e+00 0.00000000000000000e+00
1.95312500000000217e-03 -2.45575828776816276e-03
0.00000000000000000e+00 0.00000000000000000e+00
1.95312499999999740e-03 5.59905477679029117e-04
0.00000000000000000e+00 0.00000000000000000e+00
1.95312500000000390e-03 -6.81310938667369515e-03
0.00000000000000000e+00 0.00000000000000000e+00
1.95312499999999306e-03 3.52296430898423529e-03
0.00000000000000000e+00 0.00000000000000000e+00
1.95312499999999957e-03 -1.08280894469943824e-03
0.00000000000000000e+00 0.00000000000000000e+00
1.95312499999999892e-03 1.62158095666921408e-04
0.00000000000000000e+00 0.00000000000000000e+00
1.95312500000000000e-03 -2.35245563900830443e-02
0.00000000000000000e+00 0.00000000000000000e+00
1.95312499999999111e-03 2.30680549496972698e-03
0.00000000000000000e+00 0.00000000000000000e+00
1.95312500000000477e-03 -1.65367096356560110e-03
0.00000000000000000e+00 0.00000000000000000e+00
1.95312500000000477e-03 1.00575700152099592e-03
0.00000000000000000e+00 0.00000000000000000e+00
1.95312500000000737e-03 -3.79286175473407799e-03
0.00000000000000000e+00 0.00000000000000000e+00
1.95312499999999436e-03 6.10012837513927882e-03
0.00000000000000000e+00 0.00000000000000000e+00
1.95312500000000173e-03 -6.25347046985365741e-04
0.00000000000000000e+00 0.00000000000000000e+00
1.95312500000000130e-03 -3.20410772607657949e-04
0.00000000000000000e+00 0.00000000000000000e+00
1.95312499999999480e-03 1.19056461010320757e-02
0.00000000000000000e+00 0.00000000000000000e+00
1.95312500000000087e-03 1.40261482304197480e-03
0.00000000000000000e+00 0.00000000000000000e+00
1.95312500000000607e-03 -2.71970408622357503e-03
0.00000000000000000e+00 0.00000000000000000e+00
1.95312500000000000e-03 4.57511342159000207e-04
0.00000000000000000e+00 0.00000000000000000e+00
1.95312499999999718e-03 -8.33792938908006938e-03
0.00000000000000000e+00 0.00000000000000000e+00
1.95312499999999957e-03 3.14805503486505515e-03
0.00000000000000000e+00 0.00000000000000000e+00
1.95312500000000173e-03 -1.21176320724282450e-03
0.00000000000000000e+00 0.00000000000000000e+00
1.95312499999999610e-03 6.59382712234820190e-05
0.00000000000000000e+00 0.00000000000000000e+00
1.95312499999999696e-03 -5.78525520133258073e-02
0.00000000000000000e+00 0.00000000000000000e+00
1.95312499999999328e-03 2.08960930652842339e-03
0.00000000000000000e+00 0.00000000000000000e+00
1.95312499999999631e-03 -1.82555526227175745e-03
0.00000000000000000e+00 0.00000000000000000e+00
1.95312500000000390e-03 8.87357960870798260e-04
0.00000000000000000e+00 0.00000000000000000e+00
1.95312499999999675e-03 -4.29893845983135396e-03
0.00000000000000000e+00 0.00000000000000000e+00
1.95312499999999978e-03 5.20546993786155827e-03
0.00000000000000000e+00 0.00000000000000000e+00
1.95312499999999935e-03 -7.32824761483896530e-04
0.00000000000000000e+00 0.00000000000000000e+00
1.95312500000000477e-03 -1.26008758144499617e-04
0.00000000000000000e+00 0.00000000000000000e+00
1.95312500000000564e-03 3.02732708567016624e-02
0.00000000000000000e+00 0.00000000000000000e+00
1.95312499999999805e-03 1.71638135155804950e-03
0.00000000000000000e+00 0.00000000000000000e+00
1.95312499999999978e-03 -2.22252313692535876e-03
0.00000000000000000e+00 0.00000000000000000e+00
1.95312499999999978e-03 6.65224899907675897e-04
0.00000000000000000e+00 0.00000000000000000e+00
1.95312499999999892e-03 -5.73444750212213049e-03
0.00000000000000000e+00 0.00000000000000000e+00
1.95312499999999610e-03 3.97077742900288876e-03
0.00000000000000000e+00 0.00000000000000000e+00
1.95312500000000260e-03 -9.60692794756548411e-04
0.00000000000000000e+00 0.00000000000000000e+00
1.95312499999999480e-03 2.59166048680428793e-04
0.00000000000000000e+00 0.00000000000000000e+00
1.95312499999999957e-03 -1.47191242257537040e-02
0.00000000000000000e+00 0.00000000000000000e+00
1.95312499999999610e-03 2.55075894908082584e-03
0.00000000000000000e+00 0.00000000000000000e+00
1.95312500000000304e-03 -1.49551460634869118e-03
0.00000000000000000e+00 0.00000000000000000e+00
1.95312500000000130e-03 1.13030197986832299e-03
0.00000000000000000e+00 0.00000000000000000e+00
1.95312499999999978e-03 -3.37493637414436418e-03
0.00000000000000000e+00 0.00000000000000000e+00
1.95312499999999892e-03 7.31909313753957135e-03
0.00000000000000000e+00 0.00000000000000000e+00
1.95312499999999848e-03 -5.21198076584034205e-04
0.00000000000000000e+00 0.00000000000000000e+00
1.95312499999999978e-03 -3.69846750401390937e-04
0.00000000000000000e+00 0.00000000000000000e+00
1.95312500000000737e-03 1.03142646555224628e-02
0.00000000000000000e+00 0.00000000000000000e+00
1.95312500000000217e-03 1.33120014512141016e-03
0.00000000000000000e+00 0.00000000000000000e+00
1.95312499999999219e-03 -2.86560760949818895e-03
0.00000000000000000e+00 0.00000000000000000e+00
1.95312500000000867e-03 4.07223114002030920e-04
0.00000000000000000e+00 0.00000000000000000e+00
1.95312499999999371e-03 -9.36758532229581622e-03
0.00000000000000000e+00 0.00000000000000000e+00
1.95312500000000737e-03 2.98211351698050983e-03
0.00000000000000000e+00 0.00000000000000000e+00
1.95312499999999935e-03 -1.27919250689272827e-03
0.00000000000000000e+00 0.00000000000000000e+00
1.95312499999999458e-03 1.79768449760343515e-05
0.00000000000000000e+00 0.00000000000000000e+00
1.95312499999997420e-03 -2.12200598642900862e-01
0.00000000000000000e+00 0.00000000000000000e+00
1.95312500000000651e-03 1.98941268707209006e-03
0.00000000000000000e+00 0.00000000000000000e+00
1.95312500000000651e-03 -1.91749921492624415e-03
0.00000000000000000e+00 0.00000000000000000e+00
1.95312500000000434e-03 8.30152650637645232e-04
0.00000000000000000e+00 0.00000000000000000e+00
1.95312500000000434e-03 -4.59517567364858565e-03
0.00000000000000000e+00 0.00000000000000000e+00
1.95312500000000824e-03 4.84080410749952294e-03
0.00000000000000000e+00 0.00000000000000000e+00
1.95312499999999848e-03 -7.88029670466345732e-04
0.00000000000000000e+00 0.00000000000000000e+00
1.95312499999999653e-03 -1.74231231520750602e-04
0.00000000000000000e+00 0.00000000000000000e+00
1.95312499999999957e-03 2.18944515993429560e-02
0.00000000000000000e+00 0.00000000000000000e+00
1.95312499999999761e-03 1.63320173654100714e-03
0.00000000000000000e+00 0.00000000000000000e+00
1.95312499999999111e-03 -2.33571712561622810e-03
0.00000000000000000e+00 0.00000000000000000e+00
1.95312500000000087e-03 6.12160015778090796e-04
0.00000000000000000e+00 0.00000000000000000e+00
1.95312499999998894e-03 -6.23153614627422643e-03
0.00000000000000000e+00 0.00000000000000000e+00
1.95312500000000087e-03 3.73635580003517853e-03
0.00000000000000000e+00 0.00000000000000000e+00
1.95312500000000390e-03 -1.02096734620109276e-03
0.00000000000000000e+00 0.00000000000000000e+00
1.95312500000000434e-03 2.10533722108060899e-04
0.00000000000000000e+00 0.00000000000000000e+00
1.95312500000000347e-03 -1.81191745789166039e-02
0.00000000000000000e+00 0.00000000000000000e+00
1.95312499999999848e-03 2.42506432531297425e-03
0.00000000000000000e+00 0.00000000000000000e+00
1.95312499999999848e-03 -1.57302931134938105e-03
0.00000000000000000e+00 0.00000000000000000e+00
1.95312499999999870e-03 1.06719420169049139e-03
0.00000000000000000e+00 0.00000000000000000e+00
1.95312500000000477e-03 -3.57451086183033359e-03
0.00000000000000000e+00 0.00000000000000000e+00
1.95312500000000043e-03 6.65860240106566637e-03
0.00000000000000000e+00 0.00000000000000000e+00
1.95312500000000043e-03 -5.72897589592446751e-04
0.00000000000000000e+00 0.00000000000000000e+00
1.95312500000000043e-03 -2.71371375749062955e-04
0.00000000000000000e+00 0.00000000000000000e+00
1.95312499999999653e-03 1.40571099479275628e-02
0.00000000000000000e+00 0.00000000000000000e+00
1.95312499999999696e-03 1.47659267201954124e-03
0.00000000000000000e+00 0.00000000000000000e+00
1.95312500000000217e-03 -2.58344588721791564e-03
0.00000000000000000e+00 0.00000000000000000e+00
1.95312500000000000e-03 5.08381271377930568e-04
0.00000000000000000e+00 0.00000000000000000e+00
1.95312500000000000e-03 -7.50361486623124085e-03
0.00000000000000000e+00 0.00000000000000000e+00
1.95312499999999631e-03 3.32766935826766868e-03
0.00000000000000000e+00 0.00000000000000000e+00
1.95312499999999978e-03 -1.14635706103050918e-03
0.00000000000000000e+00 0.00000000000000000e+00
1.95312499999999675e-03 1.13979261506552985e-04
0.00000000000000000e+00 0.00000000000000000e+00
1.95312500000000043e-03 -3.34683451638767213e-02
0.00000000000000000e+00 0.00000000000000000e+00
1.95312499999999328e-03 2.19521102991119231e-03
0.00000000000000000e+00 0.00000000000000000e+00
1.95312500000000564e-03 -1.73773601428165304e-03
0.00000000000000000e+00 0.00000000000000000e+00
1.95312500000000737e-03 9.45853697445455310e-04
0.00000000000000000e+00 0.00000000000000000e+00
1.95312500000000217e-03 -4.03307327119158034e-03
0.00000000000000000e+00 0.00000000000000000e+00
1.95312499999999718e-03 5.62119436351315484e-03
0.00000000000000000e+00 0.00000000000000000e+00
1.95312499999999415e-03 -6.78627533391479862e-04
0.00000000000000000e+00 0.00000000000000000e+00
1.95312500000000260e-03 -7.79387918473214487e-05
0.00000000000000000e+00 0.00000000000000000e+00
1.95312500000000000e-03 4.89447831459600483e-02
0.00000000000000000e+00 0.00000000000000000e+00
1.95312500000000737e-03 1.80322896676084914e-03
0.00000000000000000e+00 0.00000000000000000e+00
1.95312499999999284e-03 -2.11548135924044967e-03
0.00000000000000000e+00 0.00000000000000000e+00
1.95312500000000824e-03 7.19184632008117272e-04
0.00000000000000000e+00 0.00000000000000000e+00
1.95312499999999870e-03 -5.30419741447138438e-03
0.00000000000000000e+00 0.00000000000000000e+00
1.95312500000000434e-03 4.22982737691759893e-03
0.00000000000000000e+00 0.00000000000000000e+00
1.95312500000000260e-03 -9.01856488622207507e-04
0.00000000000000000e+00 0.00000000000000000e+00
1.95312499999999696e-03 3.08116243556781990e-04
0.00000000000000000e+00 0.00000000000000000e+00
1.95312500000000000e-03 -1.23807080781899378e-02
0.00000000000000000e+00 0.00000000000000000e+00
1.95312499999999718e-03 2.68478011835695911e-03
0.00000000000000000e+00 0.00000000000000000e+00
1.95312500000000304e-03 -1.42086021851187409e-03
0.00000000000000000e+00 0.00000000000000000e+00
1.95312499999999957e-03 1.19522869886952584e-03
0.00000000000000000e+00 0.00000000000000000e+00
1.95312500000000390e-03 -3.19160447639270893e-03
0.00000000000000000e+00 0.00000000000000000e+00
1.95312500000000347e-03 8.11341645147563295e-03
0.00000000000000000e+00 0.00000000000000000e+00
1.95312500000000000e-03 -4.70171510169579184e-04
0.00000000000000000e+00 0.00000000000000000e+00
1.95312499999999827e-03 -4.32298927850336074e-04
0.00000000000000000e+00 0.00000000000000000e+00
1.95312499999998916e-03 8.82421171987187239e-03
0.00000000000000000e+00 0.00000000000000000e+00
1.95312499999999610e-03 1.24521406341559777e-03
0.00000000000000000e+00 0.00000000000000000e+00
1.95312500000000260e-03 -3.06348713663043932e-03
0.00000000000000000e+00 0.00000000000000000e+00
1.95312499999999393e-03 3.45075165982069694e-04
0.00000000000000000e+00 0.00000000000000000e+00
1.95312500000000000e-03 -1.10546850126652385e-02
0.00000000000000000e+00 0.00000000000000000e+00
1.95312500000000087e-03 2.79137630204418560e-03
0.00000000000000000e+00 0.00000000000000000e+00
1.95312500000000390e-03 -1.36660086382168881e-03
0.00000000000000000e+00 0.00000000000000000e+00
1.95312500000000651e-03 -4.19512367687263751e-05
0.00000000000000000e+00 0.00000000000000000e+00
1.95312499999998200e-03 9.09316997411615119e-02
0.00000000000000000e+00 0.00000000000000000e+00
1.95312500000000477e-03 1.87098677610270971e-03
0.00000000000000000e+00 0.00000000000000000e+00
1.95312499999999436e-03 -2.03886917553263965e-03
0.00000000000000000e+00 0.00000000000000000e+00
1.95312499999998786e-03 7.60295350316746990e-04
0.00000000000000000e+00 0.00000000000000000e+00
1.95312500000000087e-03 -5.01738865565308674e-03
0.00000000000000000e+00 0.00000000000000000e+00
1.95312500000000173e-03 4.44292202421328868e-03
0.00000000000000000e+00 0.00000000000000000e+00
1.95312500000000130e-03 -8.58600993858419661e-04
0.00000000000000000e+00 0.00000000000000000e+00
1.95312500000000477e-03 -2.34814008014038670e-04
0.00000000000000000e+00 0.00000000000000000e+00
1.95312499999999328e-03 1.62456119968659544e-02
0.00000000000000000e+00 0.00000000000000000e+00
1.95312500000000260e-03 1.53389840572789129e-03
0.00000000000000000e+00 0.00000000000000000e+00
1.95312499999999913e-03 -2.48692954590744569e-03
0.00000000000000000e+00 0.00000000000000000e+00
1.95312500000000260e-03 5.46958992199657887e-04
0.00000000000000000e+00 0.00000000000000000e+00
1.95312499999999935e-03 -6.97437526400974516e-03
0.00000000000000000e+00 0.00000000000000000e+00
1.95312499999999653e-03 3.47254628555797697e-03
0.00000000000000000e+00 0.00000000000000000e+00
1.95312500000000477e-03 -1.09853028640395645e-03
0.00000000000000000e+00 0.00000000000000000e+00
1.95312499999999805e-03 1.50097254652229665e-04
0.00000000000000000e+00 0.00000000000000000e+00
1.95312500000000997e-03 -2.54148370299218593e-02
0.00000000000000000e+00 0.00000000000000000e+00
1.95312499999999783e-03 2.27830990217252425e-03
0.00000000000000000e+00 0.00000000000000000e+00
1.95312500000000260e-03 -1.67435398581529588e-03
0.00000000000000000e+00 0.00000000000000000e+00
1.95312499999999935e-03 9.90642474896595918e-04
0.00000000000000000e+00 0.00000000000000000e+00
1.95312500000000520e-03 -3.85073057363426218e-03
0.00000000000000000e+00 0.00000000000000000e+00
1.95312499999999848e-03 5.97366258549955707e-03
0.00000000000000000e+00 0.00000000000000000e+00
1.95312500000000043e-03 -6.38585994944673523e-04
0.00000000000000000e+00 0.00000000000000000e+00
1.95312500000000390e-03 -3.32730078258668420e-04
0.00000000000000000e+00 0.00000000000000000e+00
1.95312499999999393e-03 1.14648404664499434e-02
0.00000000000000000e+00 0.00000000000000000e+00
1.95312500000000694e-03 1.38452951879039347e-03
0.00000000000000000e+00 0.00000000000000000e+00
1.95312499999999480e-03 -2.75522999968808805e-03
0.00000000000000000e+00 0.00000000000000000e+00
1.95312499999999610e-03 4.44887515650667169e-04
0.00000000000000000e+00 0.00000000000000000e+00
1.95312500000000390e-03 -8.57452082027038154e-03
0.00000000000000000e+00 0.00000000000000000e+00
1.95312499999999653e-03 3.10535856801805871e-03
0.00000000000000000e+00 0.00000000000000000e+00
1.95312499999999827e-03 -1.22842408761177253e-03
0.00000000000000000e+00 0.00000000000000000e+00
1.95312499999999436e-03 5.39427214765210902e-05
0.00000000000000000e+00 0.00000000000000000e+00
1.95312500000001084e-03 -7.07175530119587559e-02
0.00000000000000000e+00 0.00000000000000000e+00
1.95312499999999848e-03 2.06407472723285027e-03
0.00000000000000000e+00 0.00000000000000000e+00
1.95312500000000997e-03 -1.84813912756883673e-03
0.00000000000000000e+00 0.00000000000000000e+00
1.95312499999999978e-03 8.72940044999782980e-04
0.00000000000000000e+00 0.00000000000000000e+00
1.95312500000000173e-03 -4.36994188487019233e-03
0.00000000000000000e+00 0.00000000000000000e+00
1.95312499999999436e-03 5.10991961651053976e-03
0.00000000000000000e+00 0.00000000000000000e+00
1.95312500000000477e-03 -7.46527842297058249e-04
0.00000000000000000e+00 0.00000000000000000e+00
1.95312500000000477e-03 -1.38047782863968125e-04
0.00000000000000000e+00 0.00000000000000000e+00
1.95312499999999089e-03 2.76331657523514775e-02
0.00000000000000000e+00 0.00000000000000000e+00
1.95312500000000304e-03 1.69525575254647664e-03
0.00000000000000000e+00 0.00000000000000000e+00
1.95312500000000477e-03 -2.25021933115098719e-03
0.00000000000000000e+00 0.00000000000000000e+00
1.95312499999999805e-03 6.51878169702012041e-04
0.00000000000000000e+00 0.00000000000000000e+00
1.95312500000000173e-03 -5.85185613343790819e-03
0.00000000000000000e+00 0.00000000000000000e+00
1.95312499999999761e-03 3.91001668350585835e-03
0.00000000000000000e+00 0.00000000000000000e+00
1.95312500000000217e-03 -9.75621736274681389e-04
0.00000000000000000e+00 0.00000000000000000e+00
1.95312499999999631e-03 2.46980580703772879e-04
0.00000000000000000e+00 0.00000000000000000e+00
1.95312499999999848e-03 -1.54453328061458870e-02
0.00000000000000000e+00 0.00000000000000000e+00
1.95312500000000304e-03 2.51859172278310608e-03
0.00000000000000000e+00 0.00000000000000000e+00
1.95312500000000304e-03 -1.51461518400039324e-03
0.00000000000000000e+00 0.00000000000000000e+00
1.95312499999999827e-03 1.11436051820449017e-03
0.00000000000000000e+00 0.00000000000000000e+00
1.95312499999999957e-03 -3.42321645760694168e-03
0.00000000000000000e+00 0.00000000000000000e+00
1.95312499999998959e-03 7.14286642171357150e-03
0.00000000000000000e+00 0.00000000000000000e+00
1.95312500000000347e-03 -5.34056923426253958e-04
0.00000000000000000e+00 0.00000000000000000e+00
1.95312500000001388e-03 -3.82275299949364996e-04
0.00000000000000000e+00 0.00000000000000000e+00
1.95312500000000781e-03 9.97892687843131114e-03
0.00000000000000000e+00 0.00000000000000000e+00
1.95312499999999133e-03 1.31372160073712422e-03
0.00000000000000000e+00 0.00000000000000000e+00
1.95312499999998786e-03 -2.90373338117043585e-03
0.00000000000000000e+00 0.00000000000000000e+00
1.95312499999997983e-03 3.94733737981609338e-04
0.00000000000000000e+00 0.00000000000000000e+00
1.95312500000001865e-03 -9.66397573496147883e-03
0.00000000000000000e+00 0.00000000000000000e+00
1.95312500000000477e-03 2.94256115866638754e-03
0.00000000000000000e+00 0.00000000000000000e+00
1.95312500000001431e-03 -1.29638673928323604e-03
0.00000000000000000e+00 0.00000000000000000e+00
1.95312499999999198e-03 5.99213125273563123e-06
0.00000000000000000e+00 0.00000000000000000e+00
1.95312499999996422e-03 -6.36617774995510532e-01
0.00000000000000000e+00 0.00000000000000000e+00
1.95312499999999653e-03 1.96514614302617432e-03
0.00000000000000000e+00 0.00000000000000000e+00
1.95312500000005291e-03 -1.94117739241044408e-03
0.00000000000000000e+00 0.00000000000000000e+00
1.95312500000001648e-03 8.16040015062658992e-04
0.00000000000000000e+00 0.00000000000000000e+00
1.95312499999999631e-03 -4.67464486448266377e-03
0.00000000000000000e+00 0.00000000000000000e+00
1.95312500000000911e-03 4.75648301726742072e-03
0.00000000000000000e+00 0.00000000000000000e+00
1.95312499999999718e-03 -8.01999555506955285e-04
0.00000000000000000e+00 0.00000000000000000e+00
1.95312500000000607e-03 -1.86317591568131989e-04
0.00000000000000000e+00 0.00000000000000000e+00
1.95312499999999870e-03 2.04741658236260900e-02
0.00000000000000000e+00 0.00000000000000000e+00
1.95312500000000130e-03 1.61294148914933226e-03
0.00000000000000000e+00 0.00000000000000000e+00
1.95312500000000347e-03 -2.36505619781464177e-03
0.00000000000000000e+00 0.00000000000000000e+00
1.95312499999999978e-03 5.99023609320317252e-04
0.00000000000000000e+00 0.00000000000000000e+00
1.95312499999999935e-03 -6.36819184798635262e-03
0.00000000000000000e+00 0.00000000000000000e+00
1.95312499999999154e-03 3.68116101710575828e-03
0.00000000000000000e+00 0.00000000000000000e+00
1.95312500000000607e-03 -1.03627557933453642e-03
0.00000000000000000e+00 0.00000000000000000e+00
1.95312499999999393e-03 1.98418109194540030e-04
0.00000000000000000e+00 0.00000000000000000e+00
1.95312499999999263e-03 -1.92255499314585472e-02
0.00000000000000000e+00 0.00000000000000000e+00
1.95312499999999610e-03 2.39483452032072551e-03
0.00000000000000000e+00 0.00000000000000000e+00
1.95312499999999393e-03 -1.59288553478598312e-03
0.00000000000000000e+00 0.00000000000000000e+00
1.95312499999999978e-03 1.05168381289263741e-03
0.00000000000000000e+00 0.00000000000000000e+00
1.95312500000000043e-03 -3.62722827798661693e-03
0.00000000000000000e+00 0.00000000000000000e+00
1.95312500000000087e-03 6.51042718772738838e-03
0.00000000000000000e+00 0.00000000000000000e+00
1.95312499999999957e-03 -5.85936553106079067e-04
0.00000000000000000e+00 0.00000000000000000e+00
1.95312500000000130e-03 -2.83597531854738218e-04
0.00000000000000000e+00 0.00000000000000000e+00
1.95312500000000651e-03 1.34510947280703091e-02
0.00000000000000000e+00 0.00000000000000000e+00
1.95312499999998851e-03 1.45784548140500759e-03
0.00000000000000000e+00 0.00000000000000000e+00
1.95312500000000694e-03 -2.61666775682464076e-03
0.00000000000000000e+00 0.00000000000000000e+00
1.95312500000000737e-03 4.95605341529577930e-04
0.00000000000000000e+00 0.00000000000000000e+00
1.95312499999999263e-03 -7.69704631078374328e-03
0.00000000000000000e+00 0.00000000000000000e+00
1.95312499999999610e-03 3.28138040574980526e-03
0.00000000000000000e+00 0.00000000000000000e+00
1.95312499999999263e-03 -1.16252820274682532e-03
0.00000000000000000e+00 0.00000000000000000e+00
1.95312499999999371e-03 1.01958376850883387e-04
0.00000000000000000e+00 0.00000000000000000e+00
1.95312499999998287e-03 -3.74142604408448584e-02
0.00000000000000000e+00 0.00000000000000000e+00
1.95312500000000000e-03 2.16827306100829051e-03
0.00000000000000000e+00 0.00000000000000000e+00
1.95312499999998981e-03 -1.75932512109479148e-03
0.00000000000000000e+00 0.00000000000000000e+00
1.95312500000000304e-03 9.31102528330672021e-04
0.00000000000000000e+00 0.00000000000000000e+00
1.95312500000000260e-03 -4.09696800250794208e-03
0.00000000000000000e+00 0.00000000000000000e+00
1.95312500000000217e-03 5.51187184961767374e-03
0.00000000000000000e+00 0.00000000000000000e+00
1.95312500000000087e-03 -6.92087437753042991e-04
0.00000000000000000e+00 0.00000000000000000e+00
1.95312500000001518e-03 -8.99451906856274243e-05
0.00000000000000000e+00 0.00000000000000000e+00
1.95312500000001258e-03 4.24113533647153748e-02
0.00000000000000000e+00 0.00000000000000000e+00
1.95312500000000694e-03 1.78115420686839727e-03
0.00000000000000000e+00 0.00000000000000000e+00
1.95312499999999675e-03 -2.14169960743149220e-03
0.00000000000000000e+00 0.00000000000000000e+00
1.95312500000000173e-03 7.05606000967626051e-04
0.00000000000000000e+00 0.00000000000000000e+00
1.95312499999999675e-03 -5.40627100732390866e-03
0.00000000000000000e+00 0.00000000000000000e+00
1.95312499999999610e-03 4.16252897975310371e-03
0.00000000000000000e+00 0.00000000000000000e+00
1.95312499999999870e-03 -9.16437407206050761e-04
0.00000000000000000e+00 0.00000000000000000e+00
1.95312500000000173e-03 2.95845493398329609e-04
0.00000000000000000e+00 0.00000000000000000e+00
1.95312499999998699e-03 -1.28942213106106596e-02
0.00000000000000000e+00 0.00000000000000000e+00
1.95312499999999935e-03 2.65044036170201556e-03
0.00000000000000000e+00 0.00000000000000000e+00
1.95312500000000781e-03 -1.43926923267021661e-03
0.00000000000000000e+00 0.00000000000000000e+00
1.95312499999999848e-03 1.17881789910120275e-03
0.00000000000000000e+00 0.00000000000000000e+00
1.95312500000000477e-03 -3.23603609050522037e-03
0.00000000000000000e+00 0.00000000000000000e+00
1.95312499999999306e-03 7.90006441592283788e-03
0.00000000000000000e+00 0.00000000000000000e+00
1.95312499999999957e-03 -4.82869134324569182e-04
0.00000000000000000e+00 0.00000000000000000e+00
1.95312499999999089e-03 -4.07223114002038292e-04
0.00000000000000000e+00 0.00000000000000000e+00
1.95312499999999046e-03 9.36758532229580235e-03
0.00000000000000000e+00 0.00000000000000000e+00
1.95312499999999328e-03 1.27919250689272827e-03
0.00000000000000000e+00 0.00000000000000000e+00
1.95312500000000564e-03 -2.98211351698050853e-03
0.00000000000000000e+00 0.00000000000000000e+00
1.95312500000000130e-03 3.69846750401387251e-04
0.00000000000000000e+00 0.00000000000000000e+00
1.95312499999999566e-03 -1.03142646555224593e-02
0.00000000000000000e+00 0.00000000000000000e+00
1.95312499999999718e-03 2.86560760949819632e-03
0.00000000000000000e+00 0.00000000000000000e+00
1.95312499999999978e-03 -1.33120014512141060e-03
0.00000000000000000e+00 0.00000000000000000e+00
1.95312499999999610e-03 -1.79768449760563608e-05
0.00000000000000000e+00 0.00000000000000000e+00
1.95312499999998656e-03 2.12200598642900806e-01
0.00000000000000000e+00 0.00000000000000000e+00
1.95312499999998807e-03 1.91749921492619991e-03
0.00000000000000000e+00 0.00000000000000000e+00
1.95312499999999848e-03 -1.98941268707210480e-03
0.00000000000000000e+00 0.00000000000000000e+00
1.95312499999999913e-03 7.88029670466355815e-04
0.00000000000000000e+00 0.00000000000000000e+00
1.95312500000000954e-03 -4.84080410749950733e-03
0.00000000000000000e+00 0.00000000000000000e+00
1.95312499999999306e-03 4.59517567364857611e-03
0.00000000000000000e+00 0.00000000000000000e+00
1.95312499999999219e-03 -8.30152650637643497e-04
0.00000000000000000e+00 0.00000000000000000e+00
1.95312500000000694e-03 -2.10533722108061197e-04
0.00000000000000000e+00 0.00000000000000000e+00
1.95312499999999068e-03 1.81191745789165935e-02
0.00000000000000000e+00 0.00000000000000000e+00
1.95312499999998677e-03 1.57302931134938517e-03
0.00000000000000000e+00 0.00000000000000000e+00
1.95312500000000304e-03 -2.42506432531297512e-03
0.00000000000000000e+00 0.00000000000000000e+00
1.95312499999999827e-03 5.72897589592450220e-04
0.00000000000000000e+00 0.00000000000000000e+00
1.95312500000000607e-03 -6.65860240106566290e-03
0.00000000000000000e+00 0.00000000000000000e+00
1.95312500000000217e-03 3.57451086183034053e-03
0.00000000000000000e+00 0.00000000000000000e+00
1.95312499999999957e-03 -1.06719420169048445e-03
0.00000000000000000e+00 0.00000000000000000e+00
1.95312499999999653e-03 1.74231231520750684e-04
0.00000000000000000e+00 0.00000000000000000e+00
1.95312500000000954e-03 -2.18944515993429387e-02
0.00000000000000000e+00 0.00000000000000000e+00
1.95312500000000000e-03 2.33571712561622723e-03
0.00000000000000000e+00 0.00000000000000000e+00
1.95312499999999740e-03 -1.63320173654101322e-03
0.00000000000000000e+00 0.00000000000000000e+00
1.95312500000000477e-03 1.02096734620110144e-03
0.00000000000000000e+00 0.00000000000000000e+00
1.95312499999999415e-03 -3.73635580003517202e-03
0.00000000000000000e+00 0.00000000000000000e+00
1.95312499999999480e-03 6.23153614627423077e-03
0.00000000000000000e+00 0.00000000000000000e+00
1.95312500000000217e-03 -6.12160015778091446e-04
0.00000000000000000e+00 0.00000000000000000e+00
1.95312500000000000e-03 -3.08116243556777437e-04
0.00000000000000000e+00 0.00000000000000000e+00
1.95312500000000130e-03 1.23807080781899344e-02
0.00000000000000000e+00 0.00000000000000000e+00
1.95312500000000130e-03 1.42086021851187605e-03
0.00000000000000000e+00 0.00000000000000000e+00
1.95312500000000347e-03 -2.68478011835695824e-03
0.00000000000000000e+00 0.00000000000000000e+00
1.95312500000000130e-03 4.70171510169583467e-04
0.00000000000000000e+00 0.00000000000000000e+00
1.95312500000000130e-03 -8.11341645147562254e-03
0.00000000000000000e+00 0.00000000000000000e+00
1.95312499999999870e-03 3.19160447639270589e-03
0.00000000000000000e+00 0.00000000000000000e+00
1.95312500000000173e-03 -1.19522869886951586e-03
0.00000000000000000e+00 0.00000000000000000e+00
1.95312499999998937e-03 7.79387918473157024e-05
0.00000000000000000e+00 0.00000000000000000e+00
1.95312500000000824e-03 -4.89447831459600136e-02
0.00000000000000000e+00 0.00000000000000000e+00
1.95312499999999458e-03 2.11548135924044924e-03
0.00000000000000000e+00 0.00000000000000000e+00
1.95312500000000434e-03 -1.80322896676084416e-03
0.00000000000000000e+00 0.00000000000000000e+00
1.95312499999999978e-03 9.01856488622205881e-04
0.00000000000000000e+00 0.00000000000000000e+00
1.95312500000000304e-03 -4.22982737691759807e-03
0.00000000000000000e+00 0.00000000000000000e+00
1.95312500000000607e-03 5.30419741447139565e-03
0.00000000000000000e+00 0.00000000000000000e+00
1.95312500000000520e-03 -7.19184632008115754e-04
0.00000000000000000e+00 0.00000000000000000e+00
1.95312500000000347e-03 -1.13979261506556035e-04
0.00000000000000000e+00 0.00000000000000000e+00
1.95312500000000130e-03 3.34683451638767004e-02
0.00000000000000000e+00 0.00000000000000000e+00
1.95312500000000217e-03 1.73773601428165998e-03
0.00000000000000000e+00 0.00000000000000000e+00
1.95312499999999892e-03 -2.19521102991119274e-03
0.00000000000000000e+00 0.00000000000000000e+00
1.95312499999999957e-03 6.78627533391474658e-04
0.00000000000000000e+00 0.00000000000000000e+00
1.95312499999999306e-03 -5.62119436351314530e-03
0.00000000000000000e+00 0.00000000000000000e+00
1.95312500000000087e-03 4.03307327119158295e-03
0.00000000000000000e+00 0.00000000000000000e+00
1.95312499999999761e-03 -9.45853697445456936e-04
0.00000000000000000e+00 0.00000000000000000e+00
1.95312500000000000e-03 2.71371375749060299e-04
0.00000000000000000e+00 0.00000000000000000e+00
1.95312500000000304e-03 -1.40571099479275523e-02
0.00000000000000000e+00 0.00000000000000000e+00
1.95312500000000173e-03 2.58344588721791217e-03
0.00000000000000000e+00 0.00000000000000000e+00
1.95312500000000043e-03 -1.47659267201953885e-03
0.00000000000000000e+00 0.00000000000000000e+00
1.95312500000000217e-03 1.14635706103050398e-03
0.00000000000000000e+00 0.00000000000000000e+00
1.95312499999999957e-03 -3.32766935826767259e-03
0.00000000000000000e+00 0.00000000000000000e+00
1.95312500000000087e-03 7.50361486623123911e-03
0.00000000000000000e+00 0.00000000000000000e+00
1.95312500000000217e-03 -5.08381271377935447e-04
0.00000000000000000e+00 0.00000000000000000e+00
1.95312500000000390e-03 -3.57447049354365912e-04
0.00000000000000000e+00 0.00000000000000000e+00
1.95312499999999805e-03 1.06720625404945618e-02
0.00000000000000000e+00 0.00000000000000000e+00
1.95312500000000390e-03 1.34882549896057848e-03
0.00000000000000000e+00 0.00000000000000000e+00
1.95312499999999480e-03 -2.82816218151619135e-03
0.00000000000000000e+00 0.00000000000000000e+00
1.95312500000000997e-03 4.19744487404639162e-04
0.00000000000000000e+00 0.00000000000000000e+00
1.95312500000000737e-03 -9.08814142911570748e-03
0.00000000000000000e+00 0.00000000000000000e+00
1.95312500000000087e-03 3.02241399282094855e-03
0.00000000000000000e+00 0.00000000000000000e+00
1.95312500000000217e-03 -1.26213592005792238e-03
0.00000000000000000e+00 0.00000000000000000e+00
1.95312499999999480e-03 2.99629124882883820e-05
0.00000000000000000e+00 0.00000000000000000e+00
1.95312499999999263e-03 -1.27313967462758054e-01
0.00000000000000000e+00 0.00000000000000000e+00
1.95312500000000304e-03 2.01398447079940328e-03
0.00000000000000000e+00 0.00000000000000000e+00
1.95312500000000824e-03 -1.89410460752502982e-03
0.00000000000000000e+00 0.00000000000000000e+00
1.95312499999999393e-03 8.44339091170942155e-04
0.00000000000000000e+00 0.00000000000000000e+00
1.95312500000000607e-03 -4.51796832044663518e-03
0.00000000000000000e+00 0.00000000000000000e+00
1.95312499999999827e-03 4.92772951889179980e-03
0.00000000000000000e+00 0.00000000000000000e+00
1.95312500000000867e-03 -7.74128785072371491e-04
0.00000000000000000e+00 0.00000000000000000e+00
1.95312500000000607e-03 -1.62158095666921110e-04
0.00000000000000000e+00 0.00000000000000000e+00
1.95312499999999566e-03 2.35245563900830547e-02
0.00000000000000000e+00 0.00000000000000000e+00
1.95312500000000217e-03 1.65367096356559828e-03
0.00000000000000000e+00 0.00000000000000000e+00
1.95312499999999957e-03 -2.30680549496973045e-03
0.00000000000000000e+00 0.00000000000000000e+00
1.95312500000000173e-03 6.25347046985367258e-04
0.00000000000000000e+00 0.00000000000000000e+00
1.95312499999999371e-03 -6.10012837513928489e-03
0.00000000000000000e+00 0.00000000000000000e+00
1.95312500000000130e-03 3.79286175473408232e-03
0.00000000000000000e+00 0.00000000000000000e+00
1.95312500000000260e-03 -1.00575700152099419e-03
0.00000000000000000e+00 0.00000000000000000e+00
1.95312500000000260e-03 2.22665372634335454e-04
0.00000000000000000e+00 0.00000000000000000e+00
1.95312499999999913e-03 -1.71319735102662164e-02
0.00000000000000000e+00 0.00000000000000000e+00
1.95312500000000477e-03 2.45575828776816753e-03
0.00000000000000000e+00 0.00000000000000000e+00
1.95312500000000824e-03 -1.55336837693903322e-03
0.00000000000000000e+00 0.00000000000000000e+00
1.95312499999999415e-03 1.08280894469943564e-03
0.00000000000000000e+00 0.00000000000000000e+00
1.95312499999999458e-03 -3.52296430898423616e-03
0.00000000000000000e+00 0.00000000000000000e+00
1.95312500000000347e-03 6.81310938667369689e-03
0.00000000000000000e+00 0.00000000000000000e+00
1.95312499999999870e-03 -5.59905477679025973e-04
0.00000000000000000e+00 0.00000000000000000e+00
1.95312500000000260e-03 -2.59166048680430528e-04
0.00000000000000000e+00 0.00000000000000000e+00
1.95312499999999588e-03 1.47191242257537023e-02
0.00000000000000000e+00 0.00000000000000000e+00
1.95312500000000520e-03 1.49551460634869053e-03
0.00000000000000000e+00 0.00000000000000000e+00
1.95312499999999501e-03 -2.55075894908081977e-03
0.00000000000000000e+00 0.00000000000000000e+00
1.95312499999999805e-03 5.21198076584032796e-04
0.00000000000000000e+00 0.00000000000000000e+00
1.95312500000000217e-03 -7.31909313753956962e-03
0.00000000000000000e+00 0.00000000000000000e+00
1.95312500000000087e-03 3.37493637414436505e-03
0.00000000000000000e+00 0.00000000000000000e+00
1.95312499999999675e-03 -1.13030197986832537e-03
0.00000000000000000e+00 0.00000000000000000e+00
1.95312499999999957e-03 1.26008758144490211e-04
0.00000000000000000e+00 0.00000000000000000e+00
1.95312500000000043e-03 -3.02732708567016659e-02
0.00000000000000000e+00 0.00000000000000000e+00
1.95312500000000520e-03 2.22252313692536093e-03
0.00000000000000000e+00 0.00000000000000000e+00
1.95312500000000347e-03 -1.71638135155805622e-03
0.00000000000000000e+00 0.00000000000000000e+00
1.95312500000000217e-03 9.60692794756543532e-04
0.00000000000000000e+00 0.00000000000000000e+00
1.95312499999999480e-03 -3.97077742900288789e-03
0.00000000000000000e+00 0.00000000000000000e+00
1.95312499999999740e-03 5.73444750212212962e-03
0.00000000000000000e+00 0.00000000000000000e+00
1.95312500000000043e-03 -6.65224899907670693e-04
0.00000000000000000e+00 0.00000000000000000e+00
1.95312500000000954e-03 -6.59382712234632352e-05
0.00000000000000000e+00 0.00000000000000000e+00
1.95312499999999588e-03 5.78525520133258142e-02
0.00000000000000000e+00 0.00000000000000000e+00
1.95312500000000130e-03 1.82555526227175420e-03
0.00000000000000000e+00 0.00000000000000000e+00
1.95312499999999653e-03 -2.08960930652841948e-03
0.00000000000000000e+00 0.00000000000000000e+00
1.95312499999999718e-03 7.32824761483901409e-04
0.00000000000000000e+00 0.00000000000000000e+00
1.95312499999999024e-03 -5.20546993786155134e-03
0.00000000000000000e+00 0.00000000000000000e+00
1.95312500000000043e-03 4.29893845983135830e-03
0.00000000000000000e+00 0.00000000000000000e+00
1.95312499999999675e-03 -8.87357960870801188e-04
0.00000000000000000e+00 0.00000000000000000e+00
1.95312499999999978e-03 3.20410772607653232e-04
0.00000000000000000e+00 0.00000000000000000e+00
1.95312499999999892e-03 -1.19056461010320792e-02
0.00000000000000000e+00 0.00000000000000000e+00
1.95312500000000217e-03 2.71970408622357546e-03
0.00000000000000000e+00 0.00000000000000000e+00
1.95312500000000390e-03 -1.40261482304197545e-03
0.00000000000000000e+00 0.00000000000000000e+00
1.95312499999999566e-03 1.21176320724281973e-03
0.00000000000000000e+00 0.00000000000000000e+00
1.95312500000000304e-03 -3.14805503486506166e-03
0.00000000000000000e+00 0.00000000000000000e+00
1.95312499999999805e-03 8.33792938908007111e-03
0.00000000000000000e+00 0.00000000000000000e+00
1.95312500000000781e-03 -4.57511342158997605e-04
