# n_qubits=10; one amplitude per line: real imag; index = sum_k x_k 2^(n-1-k), qubit 0 = most significant bit
4.97315727797065232e-02 2.69587835006198477e-02
1.15845759263690298e-02 -2.01264464312076695e-02
8.82230185005270125e-04 4.78382014592900612e-03
1.13894905719571244e-02 -2.10406859301399650e-02
2.46352919984642975e-02 3.75431357190646048e-02
1.48763193234311851e-04 2.44559709480923898e-02
4.62119711408506897e-02 -2.99808739706025930e-02
-1.68240748744552283e-02 -1.72401351663003313e-02
-8.45509508566000406e-02 -4.98853553536412891e-02
-7.37963382831325915e-03 6.40480721872449445e-03
-2.74905594206627246e-02 5.18124739775619667e-02
1.90390903066369362e-02 3.45593166727614018e-02
9.90006620362832990e-02 3.73366821202890224e-04
1.70573827083450487e-02 -8.13598021995734152e-03
3.91898427508359341e-03 -5.56659756774662354e-02
1.95389151695115216e-03 -2.05703774709032512e-02
-4.99477733668140036e-02 -4.96565788847847245e-02
-2.64403685100688644e-02 4.09798049386915983e-02
3.64269224015571283e-02 -4.54409084791740844e-02
-4.94341894534050252e-02 1.49227007873209035e-02
1.98143591262107573e-02 -6.15805029303048146e-02
2.81365931391005623e-02 -3.38928181273832896e-02
-9.11881917034460115e-02 -2.67957732945802336e-02
-3.11400961232067702e-02 4.13169161195404144e-02
1.03859151679815426e-02 -2.10327546524027159e-02
-3.89582454539951217e-02 -7.87869648612636760e-03
5.14148369765820637e-02 1.74208614184532262e-02
-1.54809770565946772e-03 -2.92022786714442699e-02
1.27575047576051429e-02 -3.07654779962384800e-02
4.98401982017711558e-03 -1.46723726791032558e-02
-2.91853744752473901e-02 1.97591548955952743e-03
1.66962950781696165e-02 -2.65113062421774219e-04
1.89934667305910222e-02 6.32175175795808009e-02
2.60749151283948856e-02 -1.78984173615502166e-02
-2.01247532716955536e-02 2.06121084447376604e-02
4.09933248397867447e-02 -3.39397335420780219e-03
-4.84835619919208732e-02 3.53043123781818513e-02
-3.43104635202561223e-02 1.18132783106308144e-02
5.39715913174121029e-02 6.03034113823791643e-02
3.81951372983056203e-02 -2.30017668536508547e-02
5.38597013857728402e-02 -3.17401666357007006e-02
-1.43276001483384104e-02 -8.44416645527049613e-03
6.68811327164483757e-03 -2.51374410193886261e-02
-2.92375265054336496e-02 -1.29138289575908786e-02
-2.76405655445144810e-02 2.30792071684887030e-02
9.09539097814199629e-03 4.11255598604203573e-03
-4.07339668599727978e-03 6.06842341313377966e-03
-1.08398446646382164e-03 1.99710575142903989e-02
-1.32850236231454172e-02 -3.55198460046666081e-02
-2.22642839283722638e-02 -1.11849508434459059e-02
7.61155555760626226e-03 3.85195517754273603e-02
6.35215416380920973e-03 -7.16530141560090764e-03
3.33657112768005054e-02 -1.26236533921264410e-02
1.12132265480416934e-02 -9.74127658562991012e-04
-4.99110346403603116e-03 -2.53348199800503271e-02
5.27714293676736796e-03 -1.21824352819140756e-02
-3.01625048864973579e-02 -2.06866118525321236e-03
-1.20363527944096441e-02 -1.18798175293294127e-02
1.87211229621503973e-02 4.82171486619735676e-02
2.24293867647798045e-02 -5.39703139428345229e-03
6.64801635065186691e-02 -3.08672227561173317e-02
1.67283677590856147e-02 -7.93496376615354659e-03
-2.32849899182959764e-02 -4.93410324150095683e-02
-1.10974334993782439e-02 -3.68596549413175746e-03
6.60094220730195365e-03 1.41710343751348562e-02
1.36455076171763442e-02 -5.61257760143892264e-03
-2.28872017569975265e-02 -3.89538015686613937e-03
9.39678864620953347e-03 1.17241989724432005e-02
-2.73474030264962836e-02 2.55706204939606116e-03
-1.15206804820556976e-02 -5.58709310024451278e-03
-3.08228217582551820e-03 3.58449734962309613e-02
2.29778948473392565e-02 1.44133398492345723e-02
5.84462406314735783e-02 1.22475877930287597e-02
-4.63018069864127614e-03 -1.80195256038519630e-02
1.77644999859882524e-02 -7.85439544434474862e-03
-8.54589764472568972e-03 -2.57330970164002075e-02
-3.74028003529563238e-02 8.94241026907332051e-03
2.47709986881197936e-03 8.61375603767421637e-03
-1.53708542113075992e-03 8.90489133558376549e-03
-5.65737601434182849e-03 1.37179989521407676e-02
2.41876342394399847e-02 -9.34187932087647728e-03
-4.64344773412887855e-03 -1.52089839311473039e-02
-3.01719435409477819e-03 1.77197378771021853e-02
5.94422117519272444e-03 -1.29220073757059569e-02
1.31245109882083162e-02 2.68681309309644588e-02
9.87938020457658408e-04 1.61646306897531775e-02
3.51267392557143704e-02 -1.51625875526624938e-02
8.72635635914027676e-04 -2.08491118668268499e-02
-1.05856318368146921e-02 -1.92655130672601815e-02
7.09724819267348872e-03 5.45356656496611466e-03
-2.70113014115984651e-02 -6.29264085435652081e-03
-4.66560068582046010e-03 1.94095948816218056e-02
6.88950478221993061e-03 2.79615843949021295e-02
2.41021527147882103e-04 2.56246403078707599e-03
1.71574326246216671e-02 5.11445730457274440e-04
4.76123179464380507e-03 -1.47199773278370877e-03
1.90977129158578923e-02 -3.04648916111471338e-02
-2.17759209350430090e-02 -1.76766877199613856e-02
1.17351462638109454e-02 3.06071460693450696e-02
1.67591056248616037e-03 -1.96189801366368315e-02
2.20195998668795204e-02 1.40790648230618449e-02
9.37116301543748295e-03 1.14296796906224064e-02
1.99057466146376656e-02 -2.50063319291291795e-02
1.14592674493710312e-03 -1.95910994733852900e-02
2.78042702584798060e-02 -1.88823869130722716e-02
-1.22404071071716310e-02 -1.64766218206470055e-02
6.75257115830652389e-03 9.86585106271642941e-03
-3.85914829071644979e-03 -8.86020301190898647e-03
8.73454260033836374e-03 1.28791522767197474e-02
1.16885553809775028e-02 -7.59753896684200688e-04
-7.14135326441167010e-03 -1.00970873617945399e-02
3.28977701293958064e-03 1.38607997293189664e-02
9.89327445848196124e-03 -2.63639990200902723e-02
-1.12439164116964266e-02 -1.52343488186598430e-02
-4.30315957074144106e-03 2.62185360180398376e-02
3.21498217645424435e-03 -8.30366870820362264e-03
2.23567465615599585e-02 3.30439708944603059e-03
9.24398615879293978e-03 8.76356262873100381e-03
1.02955824452371815e-02 -2.50116715028554822e-02
-1.00205746504533491e-03 -1.10065062848989301e-02
-7.37179238094374037e-03 4.77057078494325520e-02
2.76445394847689013e-02 -6.81948457390812220e-03
-1.65225935118157863e-02 1.32051425610374435e-02
2.25099221424681570e-02 5.94194768082865424e-03
-1.43574310831751767e-03 -4.67341779116483592e-03
-4.36668006087729231e-03 7.47387927837841939e-03
6.89210060197825540e-03 -7.47696272943008684e-03
-1.41364124661391179e-02 1.39306700427859387e-04
1.09250446874920581e-02 -1.20924628507416802e-02
-1.19240067184208385e-03 -1.26261816261581759e-02
-1.79121780823488334e-02 1.55470789166477791e-02
8.39989699026449758e-03 1.15591336321994864e-03
-8.65156533141700664e-03 1.23246911275619615e-02
-5.59067063014644962e-03 4.02118225678141893e-03
1.57009220660380630e-02 1.49355167969871788e-02
2.10722037566843240e-02 -5.89250682510627632e-03
3.71392373570093512e-02 8.38271372873782353e-03
4.26047480419201874e-03 2.73774029892898661e-04
2.02313580744406096e-03 -3.01927081859275012e-02
-1.59865246397945804e-02 -7.27909732099662077e-03
-4.42838357022104639e-02 1.63171514557156165e-02
-5.13553279655658019e-03 4.83787476415121175e-03
4.57649171155125739e-03 2.43453972888967897e-02
-7.44230324107399686e-04 1.15738945177584329e-02
2.20843609899811187e-02 2.60407724816218919e-02
1.72822551827624266e-02 -1.23984528759887198e-02
-1.91141271833202495e-02 6.44610599334997491e-03
1.71348889080174052e-02 -2.81509237218606793e-03
-7.17539230736978159e-03 2.69090348997956634e-02
-1.26633007182508205e-02 1.46950788636775881e-02
3.86845798003642230e-02 9.76005414615150300e-03
7.66624602722553849e-03 -1.46555323354160549e-02
-4.42582745880375286e-02 5.28595807766823415e-03
2.04708913497532070e-02 2.34349315500460322e-02
-2.98888020637422362e-02 -1.51454701862208021e-02
1.87387602625490023e-04 2.84814001547696524e-02
2.22647712010468719e-03 6.39784847609213558e-03
-9.03008598052532606e-03 1.38266562582342752e-03
1.60957146988704031e-02 5.01139968847725669e-03
-4.08263650380876093e-03 -1.21621035240046700e-02
-4.06123536156027531e-02 -4.89727532722992395e-02
-2.66675245249223813e-02 2.07073882900994308e-02
2.39859771452199631e-02 -8.05958080259459864e-03
-2.77116907534691176e-02 6.64855407838485946e-03
2.64056867078482083e-02 -4.76884194092487973e-02
2.27347983478918235e-02 -2.04762344419700086e-02
-5.92264638224265436e-02 -2.93911988195969809e-02
-1.80276857841555060e-02 1.85099031254061727e-02
-1.16161557066717797e-02 2.75579288313459771e-02
-7.76998794680353565e-03 -1.99826591825684723e-03
3.34539038950990505e-02 1.67825766082382796e-02
1.48873508308140518e-02 -1.69231950305922807e-02
9.28884651755725217e-03 -4.40284143272888021e-02
-1.69713086076492205e-03 -9.45468897315984019e-03
-2.58978708900887492e-02 -3.73655667379832121e-03
-2.65190030677562227e-03 -2.36599960692508455e-03
-7.34816775402262652e-03 -4.79583639205967459e-04
5.81120234698809419e-03 -5.76340551831358442e-04
-1.46410241281273688e-02 1.70856960549051477e-03
3.58781724745154415e-03 1.09274670492231930e-02
-7.18563393522149516e-03 -1.89456168650381512e-04
-2.13336929532975585e-03 -4.08805897311548261e-03
-4.95981684155035255e-03 1.15781331271376069e-02
9.09941723265926365e-03 7.85491725677216202e-03
3.71659359093241617e-02 1.29227382735173282e-02
1.26674647242081308e-02 -1.81546144240392754e-02
-1.63623714940172235e-02 4.31703542032010890e-03
4.78956065282359900e-03 -4.82269232408898824e-03
-1.33435034598330983e-02 3.12704223215270818e-02
8.28405551545002860e-04 1.51170405582149274e-02
2.37609442701581901e-02 -2.30534799762661859e-03
-4.05943423702203980e-03 3.32649120973090929e-03
4.40954145989264773e-02 -3.78770937553842765e-02
-1.16895042892916617e-02 -3.90156161928655182e-02
-2.79423657102077470e-02 4.40816527144750891e-02
1.68748552105698647e-02 -1.27692674757016629e-02
1.50815025635994450e-02 2.74854175259267655e-02
-1.65997363847365543e-04 1.64386523878655710e-02
3.82025275164665848e-02 -4.34709465727860407e-03
3.09154327238619908e-02 -1.81758142322155231e-02
1.27130190008648680e-02 5.70600900452419846e-03
-7.61352697397007540e-03 6.16900245492082587e-04
2.27877139543370237e-02 -9.33303156645233153e-03
-9.01962965913427790e-03 -1.06371339250642891e-02
-1.26752340481944871e-02 -6.95797407959671682e-03
4.67159485399638343e-03 -4.41367554196946208e-03
-1.80430419366815024e-02 2.09905016950882178e-03
-6.68112083432357076e-03 1.30772189102356853e-02
-1.54312763637241210e-02 1.31930252685019938e-02
2.73466263437213697e-02 8.46090896617876856e-03
-4.15622895952516419e-02 -2.16247786476054422e-02
4.50202938540715698e-03 3.07577454648046283e-02
-4.72798664363711929e-03 -2.01891431208644796e-03
-9.43227234302249258e-03 -8.01103856433646108e-03
-7.49557697482589741e-03 2.08816049850954928e-02
1.02849270391267220e-02 1.90303404318050880e-02
-8.99917950731016908e-02 6.53212786082875158e-03
2.26328186812083457e-02 3.49550551111593097e-02
-3.33588711605653926e-02 2.17559169395156477e-03
1.35087218515150941e-02 3.85085554050163675e-02
3.62826295198030724e-02 -2.33434199050926053e-04
-1.20307591978941978e-02 1.53462997423344590e-03
2.95121973637908347e-02 -1.12807091559356289e-02
-6.64262817917149560e-03 -3.72990974077123394e-02
3.16654984606128858e-03 -3.02234878567124755e-02
-3.65905000608417463e-02 5.43157877737043739e-03
5.31085687838687495e-02 9.94785095852489774e-03
-1.65169593635305575e-02 -3.15085901337210442e-02
2.35467690135895621e-02 7.08947089937700132e-03
1.25896775339526586e-02 8.50470053958303496e-03
1.49086334382857923e-02 -3.55147325313310350e-02
-1.94317723199798412e-02 -3.22795296288647046e-02
4.16581667870997117e-03 -1.00512513874306472e-01
-5.77015393341349797e-02 1.54299837156371324e-02
3.39384059361399898e-02 -2.71729114460279760e-02
-4.46819923083903447e-02 -3.30866813012714459e-03
1.37032457314932594e-02 3.64667237556731867e-03
1.23172579433313677e-02 -2.71213754263992454e-02
-3.38299693741741306e-02 1.77758695177034493e-02
3.52940605081214914e-02 1.56837252037381573e-02
-8.06998328420730077e-02 -4.44112110520190270e-02
-5.36950932966146904e-02 2.55960826723232414e-02
7.47992324487926352e-02 3.50085559124892615e-02
-1.58413813288931019e-02 -1.47791080870811210e-02
2.62199880672157222e-02 -6.46345034880303759e-02
2.46828350062553124e-02 -2.18560545362587455e-02
-5.77190651682095435e-02 -3.76653925288280705e-02
-2.28190035798806722e-02 -1.58631534269227069e-02
7.07640849459756083e-02 2.63105616885657805e-02
-2.23250783163445564e-02 -4.87749860152802972e-02
5.34950916975897930e-02 4.10202723248884113e-02
1.80477791149901041e-02 -5.16393272998379102e-02
1.05048459967091376e-02 -3.95179616017287266e-02
1.77300922018112789e-02 -4.10468640070769161e-03
-4.65403498288646522e-02 -2.44635636993985085e-02
-6.12767243135335909e-03 3.03876949682085479e-02
3.84630127365350391e-02 5.43207526232296605e-03
1.41709687111640195e-03 -1.43256104004014229e-02
4.45920546795386223e-03 1.88660099176567067e-03
1.26028524976401078e-03 -1.80615711991231331e-02
2.40483600793867172e-02 1.96285176112946207e-02
5.22377859353674503e-03 1.69680271384256738e-02
2.58139927575549329e-02 -3.04981646765048915e-02
-1.59420756020842748e-02 -1.04934173344913683e-02
-7.17000893677297441e-02 -1.37582002456164108e-02
-3.19715671902613035e-03 1.43447239893962335e-02
-4.85419571744539861e-03 2.74798196599479148e-02
1.45792114200162630e-02 2.09319508113602060e-02
5.51338456766035517e-02 -2.66736766787797064e-02
5.32562195711312227e-03 -1.22997162902169794e-02
-1.31709723033877069e-02 -2.68131052227686510e-02
-1.31341485831083294e-03 -1.37830314864276250e-02
-5.24565478429006443e-02 -5.81754100683128193e-03
-3.61630924758754926e-03 3.67369825015875576e-02
1.57345930897534944e-02 -3.88412020500593994e-02
-2.35204326030891558e-02 2.25817970799484340e-02
-1.24188198741999167e-02 -4.82718874451503396e-02
4.00511754540246699e-03 -3.09698577830413400e-02
-6.54863110100590007e-02 1.66718015211140685e-02
-6.67156677771527703e-03 3.20778032665060206e-02
9.64575423183685211e-04 -1.69031983941685740e-02
-3.20000358031786170e-02 8.74207308934140184e-03
4.75650674567313289e-02 -8.07908357705271890e-03
-1.30056468649053045e-02 -2.24004571457015050e-02
-3.89460018132526883e-03 -3.45004642186888741e-02
-8.99756796448425693e-04 -1.43894808822006351e-02
-2.81235453064730828e-02 1.20935051544178111e-02
1.02301329754864948e-02 -2.25762382722916218e-03
1.78714784203013281e-02 2.32499276184954355e-02
9.17647052070170305e-03 -1.31751911354474009e-02
-6.63820152637805642e-03 1.29988528670244175e-02
1.68436607673344285e-02 -7.09153848925878506e-03
-8.97669680208662904e-03 1.66824424284888334e-02
-9.47031948339296936e-03 9.51842949215563928e-03
2.56935999170104339e-02 1.00333989119774283e-02
8.48696750563167346e-03 -1.12685848739556404e-02
7.68976597043167284e-03 -6.42184407880039818e-04
1.43671560712179487e-04 -8.03760326704240635e-03
-1.11846150636027127e-03 8.40027859509214631e-03
1.98100262979754131e-03 -2.48956209165681480e-03
5.44736670743193891e-03 5.15423454948998059e-04
5.80929942002477578e-03 2.16199708889384034e-03
-3.58802347565009058e-03 -1.11644498936965299e-02
-5.54023630528367554e-03 5.36972115221832306e-03
-5.10297598161176241e-03 -1.60371033185094033e-02
-5.55695381684415124e-03 -5.27724342766799828e-03
-6.18049746235578568e-03 1.24434905813038035e-02
2.80732200544536216e-03 2.93090967105816714e-03
1.05746045742282722e-02 -7.97595895177794639e-03
3.34286124460864012e-03 -3.39984039746857314e-03
-7.85030169480611766e-03 -3.47575524235937570e-03
7.78443773100632400e-03 2.67999699657155968e-03
-1.40312279508139764e-02 1.10338324061109456e-02
-2.42148858161168315e-03 -4.24303178881749697e-03
1.23627484659262852e-02 2.06758038590442415e-02
1.21994425188112435e-02 -5.39019112348085826e-03
2.23514284570210942e-02 -1.96744142979569901e-02
4.95574076649098715e-03 -2.46653263118914350e-03
-1.11692756738671437e-02 -1.95881985054216431e-02
-8.70958202426630468e-03 -3.26058448066832368e-03
9.02747608694345199e-03 -4.24639653176383906e-03
6.24907083073311317e-03 1.32692721654051435e-03
-1.57735046378903558e-02 -1.63026742897046904e-02
-4.51191161710626579e-03 8.59116476142300634e-03
-7.59004273376187415e-03 4.18522557377903025e-03
-4.49080760536922294e-03 -2.94918046230822429e-03
-1.79527185009174545e-03 1.49892198511599010e-02
1.01917324787354092e-02 1.06391780331443614e-02
-1.96485668314619819e-02 -2.01096740080378179e-02
-1.35381706873689851e-02 2.45817649549926916e-02
1.51246558754899729e-02 -2.76731904783617533e-02
-1.98014769750569676e-02 3.30224514294221111e-03
-1.38731104160088308e-02 -8.56711778825517550e-03
-6.27590677805173539e-03 -1.00443858561036683e-02
-7.86731822700623834e-03 2.11571916701170405e-02
8.09904572236553461e-03 -5.65577191413966975e-03
-4.65108888276321783e-02 2.23482090937444748e-02
2.82444901349089604e-03 3.90773415375290437e-02
2.75568765948848993e-02 -3.93216542752452825e-02
-1.68235482885485399e-02 1.21905034074544245e-02
-2.00754690669685161e-02 -2.27905693692384524e-02
-4.35741953620456292e-03 -1.83196393252184030e-02
-3.09785992264420586e-02 1.76618577938820499e-02
-1.49627512731020998e-02 9.47012884754707893e-03
-8.50181610835401211e-03 -6.19804146987726345e-02
-2.84590762167856726e-02 2.05700121385547496e-02
7.82814555037102469e-03 -2.81870078360118119e-02
-2.94073117922005224e-02 5.39968166533451744e-03
1.01201785091440798e-03 9.22392263293808634e-03
-2.36794061407652337e-03 -1.16122073217654019e-02
-8.92364695706420515e-04 2.12797303117314394e-02
2.49731308247128254e-02 -5.82472352401138156e-03
1.18732580127843459e-02 2.05260876456249790e-02
8.89821202564253927e-03 2.24470970182710132e-03
6.00507074021705990e-03 -1.46145984431353092e-02
-2.51771815954194558e-03 -3.79980536164606928e-03
1.76118988976332186e-03 5.60238091242257034e-03
9.29172195133471908e-04 3.85836292244382201e-03
2.79974995498011997e-03 -8.70273802860138147e-03
-1.52535953735991863e-02 3.95701872599165099e-03
-1.61923153212736246e-02 -1.13034165866433625e-02
-7.10683171362374417e-04 -5.23946713682589028e-03
-1.10259908669781744e-02 2.21435167857744510e-02
9.98157228384090149e-03 7.21826719800224090e-03
2.69838277031587796e-02 3.43358867646318885e-03
4.91231631541799458e-03 7.45683806878053219e-04
5.17172387300192469e-03 -1.65852807867707640e-02
2.25423678865766365e-03 -5.91767286912041075e-03
-3.03091645098267854e-03 -2.32707617328779398e-02
-1.92837284745477587e-02 5.47598455621904189e-03
2.44823908930902161e-02 -2.43273088003341260e-03
-1.59798426354482472e-02 -9.37047934857124579e-03
8.48401359014748155e-03 -1.15164945041239131e-02
1.19462372060212887e-02 -3.91505339043100864e-03
-1.75968006859000548e-02 -1.74607695057441246e-02
-1.22824669832006152e-02 1.87177402993649305e-03
3.81298103276332956e-02 -6.85809090293807919e-03
-1.76580124416028418e-02 -1.43677583270480237e-02
2.47220378622004487e-02 7.15874841398391631e-04
-6.66487821930226033e-03 -2.13379623222170293e-02
-1.60849206811142509e-02 -3.76241996162478796e-03
4.45897941764773938e-03 -3.72737887602397119e-03
-1.66967828015980348e-02 9.44314381250655963e-03
8.13372521358061810e-03 1.50383828512359544e-02
-2.50812447929756044e-02 2.43113535612913614e-02
1.43497844230240628e-02 2.73759961768850523e-03
-1.99687557340352435e-02 9.58944034203806570e-03
2.03375855654629838e-02 1.74043554079434080e-02
-3.34914137385664279e-02 6.03074295331846189e-03
-1.98103145786307812e-02 -7.39573071708354672e-03
8.43348187181242742e-03 4.86414008089907854e-02
3.04877487482192455e-02 -2.54165856370892071e-03
5.51245790130529684e-02 -2.37044451310456199e-02
-3.18662147972472885e-03 -1.23829466124277653e-02
-1.06212344649572951e-02 -1.81603117966608850e-02
-1.91507826702633915e-02 -7.36717646675862873e-03
-1.86258473764373718e-02 4.77313985516323730e-02
4.99233388230378022e-03 1.36091736153186142e-02
2.47225006110268035e-02 3.45100656013867975e-03
2.20361417064415463e-03 7.59667494864490599e-03
3.89206850445890304e-02 -2.35095611700568384e-02
-6.82087989516106871e-03 -2.55050384362015339e-02
-8.20586964742183594e-03 2.32901266254960139e-02
2.90031174359681046e-03 -1.53684789436776686e-02
3.62986591175416748e-02 2.63758332489958426e-02
1.28192238474344449e-02 1.94847612257575686e-02
2.91253376591699975e-02 -4.15299675304822355e-02
-9.36986771357746669e-03 -1.22709725668333162e-02
-2.29629811097338508e-02 6.39115893121305987e-03
1.99563807292824982e-02 -1.65565884679981512e-02
-3.79584114486964386e-02 4.37808407000128200e-02
2.86647007959221004e-02 1.96892624126474604e-02
4.59931043331567799e-02 2.36537099597225603e-02
8.56862057538429304e-03 1.01368911566858469e-02
2.33439746947209162e-02 -3.68115242953379676e-02
-7.56094942960064062e-03 -7.38049313871338118e-03
8.04372064112265917e-03 -1.41550219408341019e-02
-7.77409247489880932e-03 1.06126615548916576e-03
8.36366795257858890e-03 2.39031295069073900e-05
-7.18387257917136625e-03 -8.69565446756380075e-03
1.77830741900165679e-02 2.21265033527955797e-02
4.94890986136285217e-03 1.09462557224945314e-02
2.45646873195714717e-02 -2.17919243276974636e-02
-1.11165308003620678e-02 -1.83249898004070877e-02
-3.28640449344559521e-02 -6.18068201193800598e-02
-3.38689749633962764e-03 2.18250323305328210e-02
-3.88554597618162578e-02 -1.91173218055625468e-02
-1.82043540213720871e-02 3.61185903052315474e-02
2.28961280397788729e-02 4.74971714145400875e-02
-1.27357538254739425e-03 -2.76275234855172290e-03
2.99369404784031179e-02 7.63655205644583977e-03
2.19363904490163623e-02 -1.14820549085523464e-02
-6.83357957905829892e-03 4.84680221268567017e-03
-7.25398021328422637e-03 1.89045414108770099e-02
3.41201461003516615e-02 -2.55046959243620530e-02
-2.13538045076820567e-02 -9.33229440483584333e-03
3.38090312061581919e-03 -1.29957587822107472e-02
1.00327530776595647e-02 -2.18418569730214045e-03
-1.80133612881601471e-02 -2.24038607936195670e-02
-3.32764406988454234e-02 3.07475266902652216e-03
-2.08063780473771503e-03 -1.37738236165148081e-03
-1.43975565153234004e-03 4.78869921028824905e-03
-3.26283576493886882e-04 -8.61238005603572054e-03
-2.32573370454230641e-03 1.82008235325569856e-03
-1.31692923507419190e-02 -7.70999291298230926e-03
-6.52532518287991543e-03 -5.02089303054796023e-03
-4.99035186136243675e-03 1.86019443686867222e-02
1.10922030996545556e-02 1.48403092704487067e-03
3.30759686478557108e-02 -2.00072299918726479e-02
-1.09454257183503774e-02 -2.14631662889268084e-02
-1.71676053138974851e-03 2.14774809543847520e-02
4.46339782735693039e-03 -1.65831201471795114e-02
1.63213098265180198e-02 1.75791473310121758e-02
4.50517361138870996e-03 1.30734175634260718e-02
2.37874726371313620e-02 -1.70395755332823709e-02
4.90828397363420998e-03 -1.37110928137588010e-02
-1.63763482794244638e-03 -9.94088032136305512e-03
-1.21261691959770063e-02 -5.65194117230041196e-04
1.60525015557675711e-02 3.69177586636697426e-03
-3.95805021691274933e-03 -4.91930315068591414e-03
7.64271462419816722e-03 -1.01896030064845267e-02
6.58516764858774542e-03 -7.40083330145693656e-03
-1.78844391924957054e-02 -5.05894804187247832e-03
4.35025603151521041e-04 7.69258784731122105e-03
-2.38784965114096949e-02 -8.27337700442392146e-03
-4.24647725678757592e-04 9.43222434200391598e-03
-4.48146135506859514e-03 -3.76694414308769397e-03
-3.13275984333199814e-03 1.19425973027950261e-02
2.06664475818763536e-03 -1.72132749741330700e-02
1.25263749225069444e-03 -1.00086108739795305e-02
-1.94961874199060005e-02 3.74643565025577739e-03
2.22943652455759745e-03 7.94118794805279138e-03
-2.28971767554761348e-02 9.69704960616860588e-03
1.84450164748155634e-03 8.97806397151990412e-03
5.18484760139870191e-03 1.94049869936099286e-03
5.21269313109350152e-03 2.48065731059405074e-03
9.28784403776832489e-03 -1.46297585698758024e-02
-3.39190061075810749e-03 -2.79485450712261109e-03
-2.50294526645749357e-03 -2.96238872641298558e-03
-3.41296970514430456e-03 -8.63156447008140391e-03
-1.19563573230630476e-02 -8.98274332885270858e-03
-1.67634476352648415e-02 9.17461259958091135e-03
2.94721788927223179e-02 3.13738990800557652e-03
-7.71641626272952675e-03 -1.20628479424346128e-02
6.38842243280187110e-03 -1.89543434082044488e-03
4.31705633125102281e-03 8.23316829652404113e-04
2.67257660919655330e-03 -1.23390469565400392e-02
-1.03530305693682288e-02 -1.62597552511723406e-02
6.75320998291853870e-03 -4.61732266402829980e-02
-2.39752255344346937e-02 6.88816005495158489e-03
1.08216022585066601e-02 -1.67612404153922000e-02
-2.19454529755703405e-02 -3.63654356652231604e-04
1.66158341956922496e-03 6.70065465691109356e-03
4.06522086441814864e-03 -1.07014629596400412e-02
-1.12924957552859740e-02 1.15989260913774324e-02
1.71807883102095826e-02 7.62603241628580664e-03
-2.89231416486888937e-02 -1.97700712117685716e-02
-2.54505166626588647e-02 4.59992764388931184e-03
3.36951901619830518e-02 2.50795410702557287e-02
-2.69470063004323022e-03 -1.15927738309796677e-02
1.44342624064706902e-02 -2.53070681084983477e-02
1.15726002095031654e-02 -5.90452662558095965e-03
-1.91576134196134729e-02 -2.08384866092704291e-02
-9.29640822827820616e-03 -1.15440578019312904e-02
3.81779479368277094e-02 2.19208935063047831e-02
-5.93087214651991535e-03 -2.99715124349391321e-02
2.28753198196574754e-02 2.76896678691579204e-02
1.47063492602533420e-02 -2.61393098862782343e-02
6.91190297680763233e-03 -1.95777762987192454e-02
1.04101204454090327e-02 6.54823679575500272e-04
-2.25116987629168687e-02 -1.81977970045711646e-02
-7.66995304065500386e-03 1.69986439121783232e-02
1.73408826644362406e-02 -8.19768735438073520e-03
1.34066689715151401e-03 -4.95762908770451625e-03
-5.17918906379618519e-03 -6.77550421301762861e-03
-6.19912659458974821e-03 -2.70228521552099386e-03
1.58334688844707708e-02 -1.40275765722505425e-03
7.18769676461594731e-03 4.26762598577584175e-03
-2.38816510598066720e-03 -1.95122704302609536e-02
-1.03918033350141482e-02 6.15975942691045740e-03
-5.04392702472987800e-02 3.21847443382227566e-02
1.37236846950786057e-02 1.31279538483722365e-02
-1.01121635947484323e-03 1.26726713329265075e-02
1.90575066230528473e-02 1.08485865123639710e-02
1.27785374997977461e-02 -3.24915428787388369e-02
-7.13193821863931411e-03 -5.14089116391554333e-03
-8.28396649188030236e-03 -4.96606549708857297e-03
-8.55661668835567581e-03 -1.18033253128622864e-02
-2.14730479789295749e-02 3.44066539953959277e-02
2.40252039336802600e-02 2.27400083635844567e-02
-1.38750332391109846e-02 -4.05464830962432091e-02
-2.82129473357263906e-03 2.43978728305092839e-02
-3.54349583044029637e-02 -1.16776292306584629e-02
-1.59648670094805004e-02 -1.60994923044382315e-02
-2.11857588757975966e-02 4.46148280819333512e-02
9.04770502156689027e-03 2.33149146219408208e-02
-1.77197087654463285e-02 -2.13819373248980600e-02
-1.25440991767220098e-02 2.68287959688349210e-02
1.21855528270499863e-02 -3.25340133976539519e-02
-2.18221177718383764e-02 2.73823725203734903e-03
-1.79328319446815099e-02 -8.21652579017334746e-03
-9.45101572052939494e-03 -7.30253850586126858e-03
-1.58951450255566851e-03 2.42260047359890950e-02
8.84153871013886213e-03 -1.09158342660356129e-02
2.88050760683259965e-02 1.32486348549151044e-02
2.64570584531719681e-03 -1.72379648841898166e-02
-2.41837952093356366e-03 1.50043093152512370e-02
1.33139344840900158e-02 -1.32898461555834482e-02
-6.39580704180652861e-03 2.22924509712699830e-02
-6.74307534420711448e-03 1.23464579338240874e-02
2.98297070600735889e-02 5.32968660873508419e-03
8.58343912008145173e-03 -1.35659798984700940e-02
2.48053293921545355e-02 -1.47669290732607081e-02
-1.03520677544309356e-02 -9.85799210427379391e-03
7.98702367417022940e-03 8.88794062526838377e-05
-8.51597557534212492e-03 -8.83878372611188699e-03
-4.87196269617962575e-03 6.51169788462967539e-03
7.94063234117656225e-03 -2.29225661094715756e-04
-8.49226925811514925e-03 -2.77247425329090564e-03
6.20800441862143248e-04 1.23305451467966582e-02
-9.36225425859836882e-03 -1.94618166697523194e-02
-1.42520234157913640e-02 -4.18848271586774561e-03
7.93435244970290901e-03 2.07119599966716604e-02
2.37450228444652158e-03 -5.55536800405587779e-03
1.36793119119607738e-02 -8.50900704894476910e-03
5.12163037923015450e-03 -5.04098946019903389e-04
-2.23078838548554717e-03 -1.10564588942246422e-02
3.20263345081844494e-03 -9.49669796581696646e-03
-5.71552255702135071e-03 1.05975408671189764e-02
-4.18493286734806895e-03 -3.43175683263489094e-03
1.60519968129916764e-02 1.17739195360392762e-02
7.08035697783748752e-03 -7.51763906357431726e-03
1.29645266090468430e-02 -2.16290928878382430e-02
4.21335262559696406e-03 -4.82641409400472003e-03
-1.73385197358460232e-02 -1.17058804003125991e-02
-6.35964650753410680e-03 3.27661285355987765e-03
8.70208362406627890e-03 -1.43452698893338799e-02
1.32832109509184743e-02 -5.00910028715733247e-03
-4.17943094264768972e-02 -8.46445937318910692e-03
1.27363049450460110e-03 1.79499864325644784e-02
9.21363314129276974e-04 6.04325304810379108e-03
-5.46453911537586861e-03 9.17595221847359059e-04
6.21253061425083245e-03 1.24375947940085999e-02
1.74874333471175224e-02 9.15491780045562392e-03
-7.49479829861799673e-02 3.74912577646784456e-02
2.92758526516293527e-02 4.96760427696913073e-02
-1.67874647370553978e-02 -3.93692961101678035e-02
-9.23180521998104905e-04 3.13340034605132101e-02
-2.43234057681614123e-02 -1.94262072514833697e-02
-2.61031163264508516e-02 -4.41914038078555782e-03
1.17023080860492630e-02 3.07421328960998178e-02
-7.57526407494472399e-03 -2.41311220829122687e-02
-3.05588589698646447e-02 1.08778946694118125e-01
6.97967298940438963e-02 4.91906392942920642e-02
-3.25950394287920012e-02 -9.93287200984189489e-02
5.82927400840579652e-05 4.90449313630951997e-02
-7.70316073490512898e-02 -8.58437736634048553e-04
-4.14566515219510559e-02 -2.23361394915727977e-02
-1.69402847830425335e-02 9.26102498643635447e-02
7.25459031181484304e-03 4.12230431497786279e-02
-9.32401427505964997e-02 -7.40909670118558156e-02
-1.42833831190651503e-02 7.54242738631230869e-02
-1.89056673809487284e-02 -6.55946697635604314e-02
-4.30738700465495145e-02 4.39509156302160114e-02
-2.50018971060048936e-03 6.77716398240378777e-03
-2.24886577990576382e-02 -1.39776579627173027e-02
2.48297439934929837e-02 4.11494529196069284e-02
2.54078650521988546e-02 -4.27826170722303348e-02
5.88542572705648345e-02 2.22333152521886589e-02
2.49552699326542199e-02 -2.22102620020633336e-02
-3.09881741106789663e-02 -1.87279204082824724e-02
4.54109997017033973e-03 7.49398049471282509e-04
-1.64037519485048006e-03 1.47108842247947007e-02
-1.34964840599181390e-03 7.24452951967737187e-03
3.26693714515700548e-03 1.27601220740668751e-03
5.75374738489840267e-04 2.82381162089536362e-02
-1.55285165560401783e-02 2.79847013690229206e-02
-8.22228905206929422e-04 -1.69727742094536310e-02
1.77826709164318648e-02 4.85233128691139395e-02
2.76956972202080098e-02 -1.34526223376536368e-02
2.74804809318790755e-02 -3.17701972158838178e-02
8.99515828378017260e-03 1.21805123322854189e-03
-1.50326588841883293e-02 -3.29597444543374973e-02
-1.52104875090374233e-02 -5.52798162926193722e-03
-2.00402434217815950e-02 -2.54739866655100296e-02
-1.01641348131669505e-02 2.32208436936754449e-02
9.53718226837402261e-03 -3.20759844162194982e-02
-2.60462711284390191e-02 1.17789638004121115e-02
-3.03160181324518873e-03 -1.18869219098851325e-02
5.59890648882375649e-03 -1.51353743420275903e-02
-2.95107897312414935e-02 6.01076915230580339e-03
-3.38075265469594361e-03 1.67818996276592261e-02
1.27317887182177170e-02 -6.39102625160437865e-02
-3.65851951666326738e-02 1.85439734306368995e-02
2.24057578719784080e-02 -3.73637653810419898e-02
-3.82257246152732169e-02 -4.79165911245642458e-03
-1.75253200850138610e-02 1.96626334206289749e-02
-1.90060034889283748e-03 -1.16701840071769102e-02
-1.62092224617038237e-03 3.31426699394157809e-02
2.88708399704054042e-02 -2.70634528994183918e-04
2.08639697161181817e-02 4.17954467341382849e-02
1.68513250823218615e-02 -1.60461784898893386e-02
-1.07614788275642043e-02 1.69029173917480749e-02
2.77136581413131057e-02 -7.63719232370494144e-03
-1.47309937329148689e-02 2.90901213865145045e-02
-1.85486857313212905e-02 1.34033873775965418e-02
4.31307939771581952e-02 2.18087037410621791e-02
1.57202149202084231e-02 -1.91372980876368115e-02
-1.07618657827149716e-02 -2.98346998236957567e-02
-1.01229719662767597e-02 6.93390196655925919e-04
-1.37682090165408880e-03 7.88062414673641395e-03
-5.77419553362685037e-03 5.04926371504660614e-03
3.16298529745729223e-02 2.40792671261858080e-03
1.21450239875780172e-02 -2.46752841066423404e-03
-4.59610097579360270e-03 -2.37882576075017886e-02
-3.20846111252665349e-03 -2.23582088493835796e-04
-2.37371545112014179e-02 -2.84094662799484962e-02
-1.17542642518311379e-02 5.50489609414144421e-03
1.31743306427745165e-03 3.22873220720401241e-03
-7.45952012150265589e-03 9.66307521686948258e-03
1.92853118504467541e-02 -2.94094346608187972e-02
1.08635069361490474e-02 -1.49202683758056336e-02
-3.65129966287700836e-02 -1.04725066547203018e-02
1.35969199626350041e-03 1.57047585368619569e-02
-1.82962847013856539e-02 3.16594402789886027e-03
-2.04007819010943135e-02 -1.08086443685257490e-02
3.75671508493409523e-02 4.12619101491634929e-02
1.73618168140071485e-02 -1.85176289781850446e-02
4.50418114162594446e-02 -3.95999129649913031e-02
1.24064534143504511e-02 -9.31463158159829586e-03
-2.87795001933656980e-02 -3.43529158421029268e-02
-7.57360921106805651e-03 -3.54272357935015575e-03
4.03819670910208900e-02 -4.78046395474525654e-02
-1.98181955870122030e-02 -1.55277502521844607e-02
1.36716572051184190e-02 1.00395410433075007e-02
-1.93399996697246300e-02 -2.57855061625484501e-02
7.74044140215529447e-02 2.62204325288656510e-02
3.17967435151035940e-02 2.62433371763056630e-02
2.79030703162274109e-02 -9.52303957154126829e-02
-4.67077069084385760e-02 -2.02671381477888095e-02
-1.22948004154158672e-01 -2.44856885803137019e-02
2.39455478507187396e-02 1.75104827838070097e-02
-6.88789417836324219e-02 5.38434433883612645e-02
3.87292786254118948e-02 6.46873159502076717e-02
1.07258564739219187e-01 2.01902736197771236e-02
3.04837360376583513e-03 -3.01650372162411097e-03
3.54471212664407148e-02 -4.69219237315540300e-02
7.64872070314594373e-03 -3.60870308281508040e-02
-6.78263137312152577e-03 1.05807475361427098e-02
1.52327351725551063e-02 3.19386923997498351e-02
2.53923839153300879e-03 -7.19098994984831708e-02
-3.58187234216758715e-02 1.94782525369962232e-02
-1.66685455926074942e-02 -2.56142830195877740e-02
6.61329063717641923e-03 -1.75915109264977547e-02
-5.28677492965771920e-02 4.12418166388076914e-03
-2.82962412209393117e-02 4.65014802902114707e-02
-1.41055090563899053e-02 2.97794735085118584e-02
1.17148001888781762e-02 1.88599152882302015e-02
-2.62406020861780702e-05 -2.38848999004298811e-02
-2.54324145066912590e-05 2.21279290402922983e-03
-4.73619235956509593e-02 -1.56634270172665291e-02
-2.28486910622805392e-02 -6.96367445239561727e-04
6.80447433133264060e-03 4.25436068594388858e-02
7.90162719862796611e-03 -1.23819049145570959e-02
1.08761402192738572e-02 -3.10995795572845679e-02
-8.83167845974125801e-03 -3.20299735948231541e-03
-5.31766663452086161e-03 -2.76460305246028050e-03
-1.15661697481282515e-02 -1.36630010122640766e-03
1.91465569261488437e-02 -1.51079405698122918e-03
9.52804228049036923e-03 2.40584487125820911e-03
-3.35652311030069104e-03 -1.97477215103357209e-02
-4.44838919556872839e-03 2.42480606188752619e-03
-4.34331451063475135e-02 1.46496456392053252e-02
6.39329161381520412e-03 2.51306192207142835e-02
2.76242334104955271e-03 -1.47393892080975517e-02
5.68179241070074529e-04 1.27065133054176417e-02
-6.48398082793601258e-03 -2.17285944835772966e-02
-1.16208378321801028e-02 -9.04984519944475665e-03
-6.88210590714679292e-03 1.63244980062214294e-02
8.90807011412875823e-04 -9.43546249571247664e-03
-3.00941901134722974e-02 5.01135340704909477e-02
2.84117914468338187e-02 2.95519509645918096e-02
-7.32875701096580290e-03 -4.50079824767279577e-02
-1.26484036984792392e-03 2.42461865041029880e-02
-4.12639640360876192e-02 -1.10489449300368216e-02
-1.96057282758736288e-02 -1.54829835548138187e-02
-1.74210860575916143e-02 4.76481280834604726e-02
3.44857065987763927e-03 1.85074386907028467e-02
-2.80460339565257732e-02 -2.51690599587814784e-02
-6.69111203762489618e-03 3.37005134822692051e-02
-1.02942212462454842e-03 -3.96310613194551034e-02
-2.34426794366395450e-02 1.28438104168502650e-02
-1.76436145010518547e-02 -1.85679343071789866e-03
-1.29989907290181516e-02 -6.48438328394386563e-03
6.51352787681442214e-03 2.85294145307358853e-02
1.13521329773884627e-02 -1.46552098913355043e-02
1.40501984506771812e-02 1.73308847846695459e-02
1.00028613575614631e-02 -9.34784612679659746e-04
-2.86450636911367773e-03 -1.33176502050820541e-02
6.28320483159484973e-06 -3.31019594135403537e-05
-5.89137333105750529e-03 3.59522684529422565e-03
-2.47317847206960512e-03 8.96551496626297908e-04
-3.13779954776431723e-04 3.97125063498369839e-03
-3.77361014059298663e-03 8.66307926054903782e-03
-4.26957282587147029e-03 -6.38644085650911294e-03
-7.55141341785201415e-03 -3.45898009127821194e-03
7.51498178564395831e-03 1.20703115401062534e-02
2.75050534392539759e-03 -4.03182635649318964e-03
1.04608414570556436e-02 -7.45439753886154889e-03
4.00574959149660719e-03 -1.93855115617500929e-03
-6.18122974871227176e-03 -8.05394177152206521e-03
4.51787361457155158e-04 -1.31779182347821792e-03
-1.69533867776283341e-02 -1.77007532360542383e-02
-1.56496550139158565e-02 1.13612955597406431e-02
2.12565454980951675e-02 -4.33169282403023277e-03
-1.30227591130616920e-02 -2.34442747874356351e-03
4.51375963573574270e-03 -1.38029659150604809e-02
7.53286254811821876e-03 -7.93725321325233595e-03
-1.91153311363062746e-02 -7.37263393798442621e-03
-6.97914736452490483e-03 1.65464694301696428e-03
2.58771137163983575e-02 -2.49793769125601223e-02
-2.27037838597530552e-02 -6.97697691526495516e-03
2.19629997129257189e-02 -2.79971684939486981e-03
-1.21381909945782757e-02 -1.52149572667541824e-02
-3.30151319966665502e-03 1.24518507143573103e-03
5.66994345222144973e-03 -5.62592468917348827e-03
-1.25564688628846139e-02 5.68713770703927358e-03
1.10247276355685715e-02 9.08947387214325241e-03
2.67149881846159044e-02 2.68208806307386506e-02
1.26746041736081460e-02 -1.27286954356152799e-02
-5.93808813056622645e-03 4.95770792439405045e-03
1.36435353206786937e-02 -8.44890901491173255e-03
1.47357538700803909e-03 2.63102313403372583e-02
-6.81243017688363834e-03 1.34024695793446055e-02
3.19154234739135734e-02 -1.22225456498210980e-03
-4.55905178673448588e-04 -1.03593795560541109e-02
-2.33976599084899130e-02 -3.39777988311196835e-02
-4.89317610619015558e-03 -3.42418545273866269e-03
-1.84776052120177517e-02 2.38556461412173619e-02
4.56036964543241226e-03 1.48405717726506972e-02
4.56323882571430736e-02 1.57613254275821985e-02
1.17379570781483197e-02 6.00802333451905734e-04
9.15516240956733979e-03 -2.95616416116574882e-02
1.22047824276970245e-03 -6.78982076727425912e-03
-1.14795325433824924e-02 -3.72433687340822800e-02
-2.05127807998172172e-02 1.15186426194973397e-02
2.12577941331974878e-02 -1.16982641543789696e-02
-2.49603038765439759e-02 -1.73374376590288825e-03
2.35264160619157135e-02 -2.29980878280797441e-02
1.97146189661467838e-02 -9.65867429577711364e-03
-3.51094306002311882e-02 -3.03146709938006964e-02
-1.94366781744145824e-02 1.28428266601611531e-02
3.50446743875233811e-03 -9.10118203564147001e-03
-1.70297195421758724e-02 -8.61221003114250212e-03
2.09738089459198529e-02 1.75621502464066992e-02
4.49598152725109567e-03 -1.22528488210173897e-02
1.43871663998159025e-02 -1.23645705978221859e-02
5.11910821426492767e-03 -6.68357251337403559e-03
-1.40233846959250258e-02 -5.52107745830060417e-03
7.44930034764504020e-03 1.64542035892276312e-03
1.86756548463036694e-03 1.71766554915724970e-02
7.14739507593815850e-03 -5.64013211881038076e-03
-7.46813135703755602e-03 8.94147402624160051e-03
1.37878023923609129e-02 7.49020119499341067e-04
-1.42157209741445509e-02 7.04847283822731315e-03
-1.04911621999032294e-02 1.50129149016735362e-03
1.28459834824639924e-02 2.02060297862075057e-02
1.46117328184024522e-02 -5.74219603416728595e-03
1.73021748206390741e-02 -7.33618767079071647e-03
-6.55648836126066382e-03 -5.23777098668922261e-03
7.76451143954515373e-03 -2.48264860792288267e-03
-6.67046598807707111e-03 -7.82151470271042447e-03
-3.81091961299522951e-03 1.21490606437196433e-03
4.79994485761699955e-03 5.94368154366232320e-04
-5.69014330369014328e-03 -3.43260580707143966e-03
-2.74253579706355659e-03 6.61545382485965571e-03
-6.01185530438738507e-03 -1.94924988083994416e-02
-7.51368026543359525e-03 -4.20312887676455894e-03
-3.15464949094929623e-03 1.26425449156338642e-02
3.54921964648369497e-04 1.75917089362913597e-03
1.55240666914387010e-02 -5.65273534076707676e-03
6.26811472013843411e-03 -2.10411037356056851e-03
-6.57936922855255086e-03 -1.10234237216331760e-02
2.57125688500605505e-03 7.77696408474005734e-04
-1.12255279971711693e-02 4.95222057034880965e-04
-4.34395884630986049e-04 -7.23692684690918978e-03
-6.00334640726798768e-04 2.29698511078635474e-02
1.22101538119486919e-02 6.43880136363049319e-04
2.89796690271668517e-02 -2.63521195336377740e-03
6.29744285797257785e-03 6.17108924236675909e-04
3.54169767064140874e-04 -2.21301314187625636e-02
-4.53652961284782552e-03 -4.51802621175014830e-03
1.48050212837736437e-03 1.52374137025982764e-02
1.32009849661354501e-02 -7.36095671418443825e-03
-2.05950784531478796e-02 4.19577655862026291e-03
1.18196681886676338e-02 1.04207983940733193e-02
-2.01776685231624918e-02 -4.32797391921954482e-03
-7.37703210156363809e-03 -4.72886399654425145e-03
-7.18354309058002148e-03 2.46005682213004014e-02
1.61318571469630453e-02 1.35139939004613827e-02
5.70468854153459645e-02 5.18763647784854440e-02
1.73491804892422496e-02 -3.17836563171848899e-02
3.33628187742400972e-03 1.55169241318775381e-02
1.59934411354926212e-02 -2.46988184385650601e-02
-3.02502773566790152e-02 3.94065780126977641e-03
1.52134970429576425e-03 1.75325179296778218e-02
5.77854435558195628e-03 -6.21446480852019898e-03
-1.85491950702802652e-02 1.22281929119076680e-02
6.11155335428038710e-02 -3.05769763997946900e-03
1.12433682182789315e-02 -3.86754070738343225e-02
-3.88386499896057058e-02 2.66265751209104097e-02
2.07486128706437824e-02 -1.07071783638754518e-02
1.00414523291541980e-02 5.01342709711627907e-02
-6.30387417650865329e-03 2.74512190816164556e-02
6.06777710264145217e-02 -5.29340618734360380e-03
1.82019587028487070e-02 -1.83671054582774523e-02
-2.22107025572701698e-02 1.31845458047103233e-02
2.85618666205655833e-02 6.98398716472785515e-03
-4.09363472743744516e-02 -2.65505598429866202e-03
7.03576565598099113e-03 2.64483930277705608e-02
2.78579806602697005e-04 2.78470401756975988e-02
-4.00692124582740540e-03 1.02714027377203056e-02
2.76473218749123499e-02 -4.10636564376537852e-03
-9.34580812597158618e-03 -6.68325532241532873e-03
2.73356663867897892e-02 -3.92526800996439787e-02
-2.29508657514968482e-02 -3.07564614738716664e-02
-3.98254108764145749e-03 4.77060853720983960e-02
1.20245867230101347e-02 -1.82841098469730158e-02
1.46621577729994165e-02 1.89395601544820637e-02
4.09533813204253014e-03 1.22144035784732107e-02
2.76210316293172137e-02 -9.29968316566967025e-03
2.28803448111512368e-02 -2.13530288834668548e-02
5.62523757979328937e-02 -6.45964953874402729e-03
-1.55968277495496348e-02 -2.17877379760225177e-02
2.48973747869876451e-02 -3.68171500626816351e-04
-1.08348188937505176e-02 -2.46297108672416561e-02
-1.45323538926586567e-02 7.46201046316725090e-03
1.28133821383163201e-02 3.34403162371138551e-04
-1.74101828948938150e-02 -3.71570346463930869e-03
-3.20609421157641789e-03 2.40741103547589715e-02
1.11280909400142351e-02 -2.10462372792812012e-02
-5.10775115328824169e-04 -2.11950493285002380e-02
-2.64421630733584663e-02 3.25355587430926352e-02
1.44008475094357311e-02 6.96765468360567304e-05
2.32997189262087387e-02 1.29979545844751340e-02
2.45315471821887189e-03 1.17590834747466570e-02
2.42866402093793558e-02 -1.58747204276502227e-02
1.12016876679853685e-02 -1.36313904899541937e-02
-4.60051246249132198e-02 4.60294012679327083e-02
3.93019223923728525e-02 8.12510859414015789e-03
-3.65553410147892999e-02 1.29323758618910892e-02
2.67160442871433070e-02 2.62739642259249007e-02
1.92872586380898776e-02 8.11984726879596088e-04
-7.12556531166008006e-03 8.86828749935176901e-03
2.15882162393217295e-02 -1.73009716211515521e-02
-1.90074009546083375e-02 -1.45639379331796350e-02
3.21289911446699106e-02 -1.72440612232360839e-02
-6.65112943608140491e-03 -1.48927575310972820e-02
-2.71121754796686040e-03 6.44369070539851495e-03
-2.93257224648805007e-03 -1.24253669519096294e-02
1.32846190880883536e-02 1.17367726607786778e-02
5.94570062921002691e-03 1.08078751582363890e-02
1.41369077878134280e-02 -1.77694010427066583e-02
-2.23985975364015709e-03 -4.73298055122399475e-03
-1.01259852678570739e-02 1.44280915848157207e-02
2.14158818863575701e-03 7.62242586180848780e-03
8.79498424791964190e-03 -7.60035968667063366e-03
-3.92190507978587848e-04 -1.18033841536656196e-04
-1.42506162607937067e-02 -1.84261597686979604e-02
-4.27827398245901255e-03 -5.97533557378118491e-03
-1.40552806192460709e-02 1.09615702622211635e-02
-2.06064345139058986e-03 3.72730884071143746e-03
-1.46603455127024135e-02 2.66476417574591923e-02
1.21487238904068508e-02 1.03996521459384979e-02
-3.64912382776524978e-03 -1.09535130479254273e-02
6.61761937446223459e-03 7.89714700168724949e-03
-2.43895022782209051e-02 -3.50284705094077060e-03
-1.42094673094824674e-02 -4.63272361816245010e-03
1.87284014320048074e-03 2.94096452240114221e-02
9.21525008827205408e-03 -1.31718807371539333e-03
-1.75978133958258967e-02 -4.20401144548307026e-03
-3.62805517640773199e-03 2.69472694560954733e-02
9.90663739940543346e-03 -3.64387105153890223e-02
-1.87110820551451944e-02 4.69683841817911379e-03
-2.38487237542039203e-02 -1.54525831614236477e-02
-1.05201557709819014e-02 -8.12121757276076245e-03
-8.74489675647216122e-03 2.58242536093662364e-02
3.47605567298496379e-03 -3.41708680647014084e-03
-3.42153471927275701e-02 -3.33130339337215642e-02
-1.74722505777613578e-02 1.32252557346225850e-02
1.34091828687611537e-02 -3.47112176426254190e-03
-1.73850878139028969e-02 9.11765280077329876e-03
1.54174775891921887e-02 -5.06242836283916364e-02
1.70609805089993773e-02 -2.13991506695531547e-02
-6.08259607907118832e-02 -1.58732224687415067e-02
-9.26633831645171102e-03 2.51536247767688709e-02
4.63994979041107598e-03 6.39873540723867734e-02
-1.37383485728591781e-03 -1.69553627922350396e-02
4.77322530662517633e-02 3.31958791425100430e-02
2.88659218025437980e-02 -3.37981663773559357e-02
1.80682553289050665e-03 -6.61617924294023996e-02
5.76212738226484925e-04 -5.26162969883602928e-03
-3.84178304777016283e-02 -1.43539005352638083e-02
-1.77758806916207962e-02 3.49996424089207749e-03
2.91936442003362206e-04 -5.26389591008696086e-03
1.12582411415685143e-02 -1.25621366811806915e-02
-3.80687530009295519e-02 1.39896998374180390e-02
1.48548668429959330e-02 1.74458948259033318e-02
-7.49468374279000336e-03 7.74125508424661907e-03
-7.43709294674268096e-03 -2.69008751684636808e-03
4.62537811604304960e-03 2.36950725438386349e-02
2.85678420897739829e-02 8.86096965785453453e-03
2.70203912856294380e-02 1.63282964748734487e-02
1.46444691146798769e-02 -1.64762721341723366e-02
-1.58450629803528718e-02 9.77360674754729729e-03
7.84673498377140219e-03 -3.16142102841401916e-03
-3.24334608413029109e-03 3.02404682904946209e-02
3.05321832297189262e-03 1.65026867287959324e-02
2.54819547160139055e-02 -1.31410985265694742e-02
-1.13633383281741048e-02 -8.66857590799652213e-04
2.02372768402946934e-02 -5.75916030503915207e-03
4.95471973464342488e-03 -1.88259226100156926e-02
-2.62426958770667317e-02 1.56485326487694754e-02
1.30635444166018830e-02 2.77910601534445438e-03
-5.88453612684217055e-03 1.20872917232015473e-02
-6.15261326985726796e-03 3.82950192804320123e-03
1.38457162435880517e-02 1.56794573609703690e-02
2.38345517675511848e-02 1.05984300163699174e-03
2.22640297047859877e-02 1.23518016739603588e-02
-1.13091570634267372e-03 -7.74711099945906388e-03
1.27534872391576754e-02 -8.04892932947791372e-04
-2.01228080937093830e-03 -1.26065233980523477e-02
-1.39301014581557758e-02 1.66239471028476008e-04
3.10349088045496066e-03 3.43761301303956764e-03
-4.84236463932710692e-03 -1.44863628306183146e-03
-8.17759750198097414e-03 7.65478900267150056e-03
6.45325923751624651e-03 1.08260493402090232e-03
1.28148768142566025e-02 -1.15061916341541214e-03
-2.32657414055391157e-02 -1.01251231561714731e-02
8.40153824232803812e-04 1.12036303029597623e-02
3.75107696088364685e-03 1.13116450812727684e-02
-2.77794529692512596e-03 2.16142935185425957e-03
8.01776620410823808e-03 2.69792258821606023e-03
3.28646238481762306e-03 5.64251376655244830e-03
-4.74968116651315539e-02 -1.12681675565425108e-02
1.21254104765501514e-02 1.85822395573901726e-02
-2.96399052094040785e-02 -2.33079171126963805e-04
3.75142867027103595e-03 2.77567767890784314e-02
2.21436399410877630e-02 1.72750229547254282e-02
-5.30348278346757379e-03 2.42910464015749306e-03
2.53286346146393455e-02 -5.13554822368008073e-03
1.44401151684500216e-03 -2.03080975628993771e-02
1.35854633128134877e-02 -2.28747647241381545e-02
-2.35042114101526138e-02 -9.18165322689150701e-03
2.42660892663898696e-02 2.17214057931319968e-02
-1.77249130060253956e-03 -2.25912500564656865e-02
1.58363207734897142e-02 1.30024183605541091e-02
6.44607804176041636e-03 9.86949663158950483e-03
2.04984706238977438e-02 -2.01475539592694264e-02
-2.04992303851501186e-03 -2.42329717565654898e-02
2.20457386363234996e-02 -5.41142219274319061e-02
-3.32815063494760616e-02 -3.09869630268806923e-03
2.17442731083820236e-02 -8.21676714679766586e-03
-2.36601995338375434e-02 -9.18860534851229441e-03
7.51122075766800720e-03 7.92288356676669470e-03
1.25030500529001980e-02 -1.18197046700495145e-02
-2.02757910253196436e-02 2.23479428894552985e-03
1.57331656301801515e-02 1.58444804648940028e-02
-3.22324224810550466e-02 -3.68808588940752122e-02
-3.02113291360721695e-02 3.11313207647542821e-03
2.88380815016443491e-02 3.04175457207080634e-02
-5.23917043220992976e-03 -9.33876946018043046e-03
2.61493378144578258e-02 -2.73341008206992274e-02
1.64023953158556786e-02 -5.84660049255420616e-03
-2.12173440759660971e-02 -3.06314623414477710e-02
-9.35181905787538410e-03 -1.21002441203726437e-02
2.14510693821346639e-02 3.15774468554687465e-02
2.81301025582365557e-03 -2.44216733124606108e-02
1.44971554002018901e-02 2.87862680761426723e-02
2.06560525980593844e-02 -1.79217760019376171e-02
1.26455234775169276e-02 -1.92475124985714841e-02
7.05984131243965040e-03 1.44775692106231791e-03
-1.61188180662161541e-02 -1.95773543293278861e-02
-9.84298666240071909e-03 1.10769493299269408e-02
