# n_qubits=10; one amplitude per line: real imag; index = sum_k x_k 2^(n-1-k), qubit 0 = most significant bit
8.44880691257782201e-03 0.00000000000000000e+00
3.18665517200993273e-02 0.00000000000000000e+00
-4.23332937840012035e-03 0.00000000000000000e+00
-2.89218530183035132e-03 0.00000000000000000e+00
-1.79128330962560339e-02 0.00000000000000000e+00
-1.08432572036547478e-01 0.00000000000000000e+00
-4.38199752164607007e-02 0.00000000000000000e+00
-3.96906565562674465e-02 0.00000000000000000e+00
9.63167881064956426e-03 0.00000000000000000e+00
-6.43615558265378529e-02 0.00000000000000000e+00
-1.02520626787811556e-01 0.00000000000000000e+00
8.10937065523501671e-02 0.00000000000000000e+00
1.30441587794186339e-02 0.00000000000000000e+00
-6.89676417299459749e-02 0.00000000000000000e+00
-3.81797834541376876e-02 0.00000000000000000e+00
2.65913258573154511e-03 0.00000000000000000e+00
-3.41862472089564037e-02 0.00000000000000000e+00
1.92000729250421621e-03 0.00000000000000000e+00
-1.53151617307852334e-02 0.00000000000000000e+00
-1.18885473044698653e-01 0.00000000000000000e+00
-4.68159230032507076e-02 0.00000000000000000e+00
-1.51031280763431086e-01 0.00000000000000000e+00
-9.90696261669961609e-02 0.00000000000000000e+00
8.93138609205178235e-03 0.00000000000000000e+00
2.00052766230580624e-02 0.00000000000000000e+00
-3.47058487561039963e-02 0.00000000000000000e+00
-6.03353803639032557e-02 0.00000000000000000e+00
7.12393601062533965e-02 0.00000000000000000e+00
2.22254229155429382e-02 0.00000000000000000e+00
-7.04912468581780482e-03 0.00000000000000000e+00
1.87647910659803352e-02 0.00000000000000000e+00
-1.50307171318562784e-02 0.00000000000000000e+00
-1.08058394654476277e-02 0.00000000000000000e+00
-7.75144039394628885e-03 0.00000000000000000e+00
-1.39442964804684568e-02 0.00000000000000000e+00
-3.52463768648215714e-02 0.00000000000000000e+00
-1.22077660674827851e-02 0.00000000000000000e+00
-4.45949658310639679e-02 0.00000000000000000e+00
-2.74863183616513886e-02 0.00000000000000000e+00
4.52199944499328405e-03 0.00000000000000000e+00
6.67907995623205110e-03 0.00000000000000000e+00
-2.27447848903571115e-02 0.00000000000000000e+00
-4.02320099239934503e-02 0.00000000000000000e+00
2.42833215807775858e-02 0.00000000000000000e+00
7.03316203032829448e-03 0.00000000000000000e+00
-2.26203835103668295e-02 0.00000000000000000e+00
-3.54946236563824763e-04 0.00000000000000000e+00
-6.41593912781863313e-03 0.00000000000000000e+00
-3.85239641263445017e-03 0.00000000000000000e+00
2.39916795854441247e-03 0.00000000000000000e+00
1.31011554534896926e-03 0.00000000000000000e+00
-1.48825270483292846e-02 0.00000000000000000e+00
-5.66594158346868295e-03 0.00000000000000000e+00
-1.55114241193551744e-02 0.00000000000000000e+00
-1.03700538858900217e-02 0.00000000000000000e+00
7.05218934055351046e-04 0.00000000000000000e+00
1.24710543652730593e-03 0.00000000000000000e+00
7.69717171544377610e-04 0.00000000000000000e+00
2.30901938749018690e-03 0.00000000000000000e+00
1.39842185228407551e-03 0.00000000000000000e+00
2.03328854306242647e-03 0.00000000000000000e+00
8.64664744942561340e-03 0.00000000000000000e+00
6.82233142005296556e-03 0.00000000000000000e+00
-8.29379268929326496e-04 0.00000000000000000e+00
1.16419654037037724e-02 0.00000000000000000e+00
1.52721248115904925e-02 0.00000000000000000e+00
1.04378064933921388e-02 0.00000000000000000e+00
2.80981059707975100e-02 0.00000000000000000e+00
5.77421480014096798e-03 0.00000000000000000e+00
8.73967666445466841e-03 0.00000000000000000e+00
1.30277364551364856e-02 0.00000000000000000e+00
-1.55270776352164370e-02 0.00000000000000000e+00
-3.04593826830799452e-03 0.00000000000000000e+00
-2.33075169569242320e-03 0.00000000000000000e+00
3.51831352119567648e-04 0.00000000000000000e+00
1.45912852843712139e-03 0.00000000000000000e+00
-1.83663224237932705e-03 0.00000000000000000e+00
-2.52377415687371574e-03 0.00000000000000000e+00
-9.95342269689921538e-03 0.00000000000000000e+00
6.37008512014877477e-03 0.00000000000000000e+00
-9.31398931997609592e-03 0.00000000000000000e+00
-1.08646103910582433e-02 0.00000000000000000e+00
-2.77357655384468868e-03 0.00000000000000000e+00
-2.48242375782454817e-02 0.00000000000000000e+00
-2.76709579640741681e-03 0.00000000000000000e+00
7.14876250322899094e-03 0.00000000000000000e+00
-1.73359893304507505e-03 0.00000000000000000e+00
1.36507486560383980e-02 0.00000000000000000e+00
-2.74192714220349888e-04 0.00000000000000000e+00
8.34337594472919081e-03 0.00000000000000000e+00
1.37816998029228373e-02 0.00000000000000000e+00
-1.92278107555286168e-02 0.00000000000000000e+00
1.70603101933430276e-04 0.00000000000000000e+00
1.76369875589868601e-02 0.00000000000000000e+00
1.81413937294645951e-02 0.00000000000000000e+00
-3.34420651180149632e-03 0.00000000000000000e+00
4.14778834329524154e-03 0.00000000000000000e+00
9.42320755532387311e-03 0.00000000000000000e+00
1.52794492226429796e-03 0.00000000000000000e+00
3.05691306795189115e-03 0.00000000000000000e+00
-1.84298322091022964e-03 0.00000000000000000e+00
-1.74307608901416444e-02 0.00000000000000000e+00
-3.06160741754163976e-03 0.00000000000000000e+00
-1.15168528959521503e-02 0.00000000000000000e+00
7.23711611889084794e-04 0.00000000000000000e+00
-1.61336139245901525e-02 0.00000000000000000e+00
-2.33717496269075786e-02 0.00000000000000000e+00
9.24465637406287309e-03 0.00000000000000000e+00
2.73788527044250716e-03 0.00000000000000000e+00
-1.30416183946410209e-02 0.00000000000000000e+00
-4.63898361096637488e-03 0.00000000000000000e+00
1.49461752429062389e-03 0.00000000000000000e+00
-1.97637123634018599e-02 0.00000000000000000e+00
-2.29379911776855898e-02 0.00000000000000000e+00
2.15987180008748829e-03 0.00000000000000000e+00
-5.26266312866127198e-02 0.00000000000000000e+00
-1.92801447634313684e-03 0.00000000000000000e+00
4.13854473710575516e-02 0.00000000000000000e+00
1.00155133821016006e-02 0.00000000000000000e+00
3.33771526469223354e-02 0.00000000000000000e+00
-4.20291323091485838e-03 0.00000000000000000e+00
3.45747837667244942e-02 0.00000000000000000e+00
5.97310983145300442e-02 0.00000000000000000e+00
-6.91913517370389280e-02 0.00000000000000000e+00
-2.37644343377328140e-03 0.00000000000000000e+00
6.44640867462816652e-02 0.00000000000000000e+00
5.48317277494398403e-02 0.00000000000000000e+00
-6.22976306815427837e-03 0.00000000000000000e+00
4.30841997311775110e-02 0.00000000000000000e+00
5.32556063979288258e-02 0.00000000000000000e+00
3.97732183858218458e-02 0.00000000000000000e+00
1.07080931040089436e-01 0.00000000000000000e+00
2.45465272529170088e-02 0.00000000000000000e+00
4.82643586974875957e-02 0.00000000000000000e+00
5.58612431942435914e-02 0.00000000000000000e+00
-5.35281508466225325e-02 0.00000000000000000e+00
-1.28751928499440775e-02 0.00000000000000000e+00
-9.53132289804808604e-04 0.00000000000000000e+00
1.39140365994139033e-02 0.00000000000000000e+00
-5.98523418658308218e-03 0.00000000000000000e+00
-8.66633252639275112e-03 0.00000000000000000e+00
-1.11502987372752893e-03 0.00000000000000000e+00
-3.24062436364319015e-02 0.00000000000000000e+00
2.36631143700057577e-02 0.00000000000000000e+00
-3.05689276923617852e-02 0.00000000000000000e+00
-4.39924930648281295e-02 0.00000000000000000e+00
-7.06418249988306681e-03 0.00000000000000000e+00
-7.57358810355273221e-02 0.00000000000000000e+00
-1.28669223115570599e-03 0.00000000000000000e+00
6.20701739522732804e-02 0.00000000000000000e+00
1.43498710692610606e-02 0.00000000000000000e+00
5.36509477760636205e-02 0.00000000000000000e+00
-5.50489734875419905e-03 0.00000000000000000e+00
4.29448546567571879e-02 0.00000000000000000e+00
7.17349537083770972e-02 0.00000000000000000e+00
-9.47513138125581633e-02 0.00000000000000000e+00
-4.12603780489713065e-03 0.00000000000000000e+00
7.58215532848276474e-02 0.00000000000000000e+00
7.10571064428227872e-02 0.00000000000000000e+00
-1.03677008902698289e-02 0.00000000000000000e+00
1.73300677875702913e-02 0.00000000000000000e+00
1.43973650901214195e-02 0.00000000000000000e+00
2.14592039336008074e-02 0.00000000000000000e+00
5.41034380511124999e-02 0.00000000000000000e+00
1.76289774543309692e-02 0.00000000000000000e+00
6.14877646593605942e-02 0.00000000000000000e+00
3.96708725713994237e-02 0.00000000000000000e+00
-9.92816894339953841e-03 0.00000000000000000e+00
-9.70142281526955794e-03 0.00000000000000000e+00
3.04103164998389824e-02 0.00000000000000000e+00
5.47981820480704582e-02 0.00000000000000000e+00
-3.20882314330457608e-02 0.00000000000000000e+00
-9.91713589881369761e-03 0.00000000000000000e+00
3.02675598280017083e-02 0.00000000000000000e+00
-1.94540690266500091e-03 0.00000000000000000e+00
1.02052860863471959e-02 0.00000000000000000e+00
2.53784009654011442e-03 0.00000000000000000e+00
-4.75823314594169076e-03 0.00000000000000000e+00
-3.11478759598238621e-03 0.00000000000000000e+00
1.18598388786722870e-02 0.00000000000000000e+00
5.30398287164009826e-03 0.00000000000000000e+00
1.51153322815752444e-02 0.00000000000000000e+00
9.44576892793578225e-03 0.00000000000000000e+00
1.16533039795051782e-03 0.00000000000000000e+00
-7.73217244603674209e-04 0.00000000000000000e+00
-2.06657258640034758e-03 0.00000000000000000e+00
-5.03397544581808774e-03 0.00000000000000000e+00
-7.55635534080937622e-04 0.00000000000000000e+00
-1.70466691282398011e-03 0.00000000000000000e+00
-1.07035040523319833e-02 0.00000000000000000e+00
-6.47507215423886312e-03 0.00000000000000000e+00
-3.63781475673758499e-05 0.00000000000000000e+00
3.83574441754733833e-02 0.00000000000000000e+00
5.85961273451774400e-02 0.00000000000000000e+00
2.93879065190956051e-02 0.00000000000000000e+00
8.32185007987485958e-02 0.00000000000000000e+00
1.00758671369298343e-02 0.00000000000000000e+00
-1.78845734055631568e-02 0.00000000000000000e+00
2.12259603571741673e-02 0.00000000000000000e+00
-6.26259059915048044e-02 0.00000000000000000e+00
-5.19440017177899040e-03 0.00000000000000000e+00
-3.31713553035135264e-02 0.00000000000000000e+00
-4.07283761241593115e-02 0.00000000000000000e+00
3.71544989006794488e-02 0.00000000000000000e+00
-1.98766664639246675e-04 0.00000000000000000e+00
-3.57573428397439802e-02 0.00000000000000000e+00
-4.52533788552139035e-02 0.00000000000000000e+00
2.00503402693522938e-02 0.00000000000000000e+00
-4.14903416977018685e-02 0.00000000000000000e+00
-3.21135951044222226e-02 0.00000000000000000e+00
-1.40984386837055345e-02 0.00000000000000000e+00
-1.21286975171524716e-01 0.00000000000000000e+00
-2.64794780615152728e-02 0.00000000000000000e+00
-3.64077669993196490e-02 0.00000000000000000e+00
-4.35051404178659756e-02 0.00000000000000000e+00
4.49567354674444766e-02 0.00000000000000000e+00
6.94463518266501354e-03 0.00000000000000000e+00
1.24029753138160947e-02 0.00000000000000000e+00
1.92593815366236126e-02 0.00000000000000000e+00
-3.09885267353482499e-02 0.00000000000000000e+00
9.12066165046446914e-03 0.00000000000000000e+00
5.13983843658570583e-02 0.00000000000000000e+00
6.26589255867867206e-02 0.00000000000000000e+00
-1.60701025553482008e-02 0.00000000000000000e+00
-2.60491888751041671e-02 0.00000000000000000e+00
-2.02164427313320551e-02 0.00000000000000000e+00
-3.29620923798674692e-02 0.00000000000000000e+00
-8.33092826717617418e-02 0.00000000000000000e+00
-2.78997231023809904e-02 0.00000000000000000e+00
-9.97408615328353870e-02 0.00000000000000000e+00
-6.26485623637490496e-02 0.00000000000000000e+00
1.28434964049223849e-02 0.00000000000000000e+00
1.53411608497490814e-02 0.00000000000000000e+00
-5.08230832353114906e-02 0.00000000000000000e+00
-9.04785777128451901e-02 0.00000000000000000e+00
5.34974901211517986e-02 0.00000000000000000e+00
1.59954978440471213e-02 0.00000000000000000e+00
-5.04685868849174893e-02 0.00000000000000000e+00
9.46808992255175315e-04 0.00000000000000000e+00
-1.53456944871896185e-02 0.00000000000000000e+00
-6.74405161102218688e-03 0.00000000000000000e+00
5.48823644053403163e-03 0.00000000000000000e+00
4.19002209013276134e-03 0.00000000000000000e+00
-2.68759366479556956e-02 0.00000000000000000e+00
-1.01134979802546369e-02 0.00000000000000000e+00
-2.59564160125289253e-02 0.00000000000000000e+00
-1.75659070442757380e-02 0.00000000000000000e+00
1.13183836091869166e-03 0.00000000000000000e+00
1.49904958469601677e-03 0.00000000000000000e+00
4.48655769427865319e-03 0.00000000000000000e+00
1.00855014792277844e-02 0.00000000000000000e+00
-1.89119503575677517e-03 0.00000000000000000e+00
3.19566270692129509e-03 0.00000000000000000e+00
2.12272106067928241e-02 0.00000000000000000e+00
1.48800567322925278e-02 0.00000000000000000e+00
-8.64137595244696480e-04 0.00000000000000000e+00
4.76692109344508568e-04 0.00000000000000000e+00
9.47384073791126928e-03 0.00000000000000000e+00
-4.44369766295551940e-03 0.00000000000000000e+00
-8.73587697961909597e-03 0.00000000000000000e+00
-9.10071212291055018e-03 0.00000000000000000e+00
-4.80012284167319059e-02 0.00000000000000000e+00
-2.19097226817160547e-02 0.00000000000000000e+00
-1.26294428956693506e-02 0.00000000000000000e+00
4.83238017720068538e-03 0.00000000000000000e+00
-2.63592524564263825e-02 0.00000000000000000e+00
-4.30016310933314591e-02 0.00000000000000000e+00
3.34632389896657445e-02 0.00000000000000000e+00
5.97697188738396598e-03 0.00000000000000000e+00
-2.80470002429291515e-02 0.00000000000000000e+00
-1.32061955112926493e-02 0.00000000000000000e+00
-5.64095764805635624e-04 0.00000000000000000e+00
-1.25199906290308378e-02 0.00000000000000000e+00
3.27342931134595554e-03 0.00000000000000000e+00
-5.73904329329366549e-03 0.00000000000000000e+00
-4.52733424231632417e-02 0.00000000000000000e+00
-1.92959412252437026e-02 0.00000000000000000e+00
-6.55704639754781521e-02 0.00000000000000000e+00
-4.16205685612336604e-02 0.00000000000000000e+00
8.30551990888439345e-04 0.00000000000000000e+00
8.55142286527717926e-03 0.00000000000000000e+00
-1.64603594116462942e-02 0.00000000000000000e+00
-2.84102086921962788e-02 0.00000000000000000e+00
3.42086211631176251e-02 0.00000000000000000e+00
9.42844922609379493e-03 0.00000000000000000e+00
-6.50005468516216735e-03 0.00000000000000000e+00
4.30059550840164277e-03 0.00000000000000000e+00
-5.67082087152730521e-03 0.00000000000000000e+00
-2.56707586504675636e-02 0.00000000000000000e+00
-2.78770957240053012e-02 0.00000000000000000e+00
-2.74420592762543158e-02 0.00000000000000000e+00
-6.89283002531249078e-02 0.00000000000000000e+00
-1.93129518886623747e-02 0.00000000000000000e+00
-5.47239442407797885e-02 0.00000000000000000e+00
-4.46400998720493519e-02 0.00000000000000000e+00
2.49856128479928087e-02 0.00000000000000000e+00
1.09237486441508512e-02 0.00000000000000000e+00
-1.82775841475171300e-02 0.00000000000000000e+00
-3.94331923994012817e-02 0.00000000000000000e+00
2.89770065566351993e-02 0.00000000000000000e+00
8.86076655843615231e-03 0.00000000000000000e+00
-2.16636904099785955e-02 0.00000000000000000e+00
7.21153336032598954e-03 0.00000000000000000e+00
-1.38649555067505287e-02 0.00000000000000000e+00
1.95266609382254118e-02 0.00000000000000000e+00
3.33396418903523367e-02 0.00000000000000000e+00
3.97892719882446898e-04 0.00000000000000000e+00
4.47743404317151594e-02 0.00000000000000000e+00
-5.77988248667559053e-03 0.00000000000000000e+00
-7.37679912377738473e-02 0.00000000000000000e+00
-2.70577231900950774e-02 0.00000000000000000e+00
-4.13545895611933875e-02 0.00000000000000000e+00
6.64053184188151922e-03 0.00000000000000000e+00
-4.06794048690244728e-02 0.00000000000000000e+00
-6.84275516870544442e-02 0.00000000000000000e+00
8.66070491046601471e-02 0.00000000000000000e+00
5.68614130562701981e-03 0.00000000000000000e+00
-6.52400871163618251e-02 0.00000000000000000e+00
-5.76493208021834347e-02 0.00000000000000000e+00
7.08723376561371226e-03 0.00000000000000000e+00
-7.61848690102080468e-03 0.00000000000000000e+00
-2.29392934842378299e-03 0.00000000000000000e+00
-1.08708222783066681e-02 0.00000000000000000e+00
-2.68241101544335753e-02 0.00000000000000000e+00
-1.18210442466288035e-02 0.00000000000000000e+00
-4.72160592461351794e-02 0.00000000000000000e+00
-2.78506785690447768e-02 0.00000000000000000e+00
-1.43423892632111509e-04 0.00000000000000000e+00
6.24471843158383357e-03 0.00000000000000000e+00
-2.07919055544375786e-02 0.00000000000000000e+00
-3.67962693920891107e-02 0.00000000000000000e+00
2.80015167856155073e-02 0.00000000000000000e+00
6.36043300024122932e-03 0.00000000000000000e+00
-2.21548602158628365e-02 0.00000000000000000e+00
-4.66613177084318227e-03 0.00000000000000000e+00
-4.78810933198951273e-03 0.00000000000000000e+00
-4.14630667151830688e-03 0.00000000000000000e+00
1.12786492393871490e-02 0.00000000000000000e+00
-3.50722438676621517e-03 0.00000000000000000e+00
-2.18555944703967102e-02 0.00000000000000000e+00
-1.55025180030769674e-02 0.00000000000000000e+00
-6.60846686139761469e-02 0.00000000000000000e+00
-3.69198780846022243e-02 0.00000000000000000e+00
-9.99777617626012964e-03 0.00000000000000000e+00
8.07836089831785904e-03 0.00000000000000000e+00
-2.22853999003783873e-02 0.00000000000000000e+00
-3.79885173489913977e-02 0.00000000000000000e+00
4.70189391950475225e-02 0.00000000000000000e+00
8.51186641161793579e-03 0.00000000000000000e+00
-2.08942400603520408e-02 0.00000000000000000e+00
-1.09233414544961452e-02 0.00000000000000000e+00
-2.53934003224605279e-03 0.00000000000000000e+00
-5.81517327800663841e-03 0.00000000000000000e+00
-9.58833588076665679e-04 0.00000000000000000e+00
-9.42932951236411659e-03 0.00000000000000000e+00
-2.45037697423432788e-02 0.00000000000000000e+00
-9.79457578381601884e-03 0.00000000000000000e+00
-4.11221117667981070e-02 0.00000000000000000e+00
-2.13065590399389646e-02 0.00000000000000000e+00
-2.52145683035629115e-03 0.00000000000000000e+00
5.18418270443796441e-03 0.00000000000000000e+00
-2.50919107570159172e-02 0.00000000000000000e+00
-4.15624926116681323e-02 0.00000000000000000e+00
2.15362053063121173e-02 0.00000000000000000e+00
6.58012051794500293e-03 0.00000000000000000e+00
-2.29948513277644755e-02 0.00000000000000000e+00
-1.99600189048461819e-03 0.00000000000000000e+00
-3.99823810113443708e-03 0.00000000000000000e+00
-1.40258330223179961e-02 0.00000000000000000e+00
-1.22770214256139477e-02 0.00000000000000000e+00
2.81410433896383313e-03 0.00000000000000000e+00
-4.00092693366935134e-02 0.00000000000000000e+00
-4.07958027795775596e-03 0.00000000000000000e+00
1.81444092671982915e-02 0.00000000000000000e+00
1.22348151179425455e-03 0.00000000000000000e+00
2.07432234694750993e-02 0.00000000000000000e+00
-2.17932811248574979e-03 0.00000000000000000e+00
2.27769898171500985e-02 0.00000000000000000e+00
4.00740679474223052e-02 0.00000000000000000e+00
-4.32834298974288378e-02 0.00000000000000000e+00
-5.42592620216542781e-04 0.00000000000000000e+00
4.62019898414474939e-02 0.00000000000000000e+00
3.82025009638993843e-02 0.00000000000000000e+00
-4.04225833633552276e-03 0.00000000000000000e+00
2.21817758690316842e-02 0.00000000000000000e+00
2.44189277782648727e-02 0.00000000000000000e+00
2.21979238342539381e-02 0.00000000000000000e+00
5.84775332554242355e-02 0.00000000000000000e+00
1.58363579154675548e-02 0.00000000000000000e+00
4.14739624924814823e-02 0.00000000000000000e+00
3.64853056775421083e-02 0.00000000000000000e+00
-2.34445812568814631e-02 0.00000000000000000e+00
-8.35439103197864290e-03 0.00000000000000000e+00
8.60339741367343105e-03 0.00000000000000000e+00
2.20938517720138256e-02 0.00000000000000000e+00
-1.48039665730934373e-02 0.00000000000000000e+00
-6.54386382710079022e-03 0.00000000000000000e+00
9.22543792758259533e-03 0.00000000000000000e+00
-1.21105852242070974e-02 0.00000000000000000e+00
1.24581435477494080e-02 0.00000000000000000e+00
-1.19425318141286770e-02 0.00000000000000000e+00
-2.42942423827808701e-02 0.00000000000000000e+00
-1.65588722897591850e-03 0.00000000000000000e+00
-2.48386953565850818e-02 0.00000000000000000e+00
5.84693638954980784e-03 0.00000000000000000e+00
5.51498656764848674e-02 0.00000000000000000e+00
2.17482625816921987e-02 0.00000000000000000e+00
2.80986776323023206e-02 0.00000000000000000e+00
-5.81119051008651549e-03 0.00000000000000000e+00
2.83931844332187162e-02 0.00000000000000000e+00
4.77749083896616689e-02 0.00000000000000000e+00
-6.18742822996064604e-02 0.00000000000000000e+00
-5.35858998525696670e-03 0.00000000000000000e+00
4.25847499907803378e-02 0.00000000000000000e+00
3.63389596992220454e-02 0.00000000000000000e+00
-3.57420867101787684e-03 0.00000000000000000e+00
2.35691888985473238e-03 0.00000000000000000e+00
-6.21455568261809603e-04 0.00000000000000000e+00
4.56056626029217524e-03 0.00000000000000000e+00
1.16127229614696337e-02 0.00000000000000000e+00
5.06018951816079865e-03 0.00000000000000000e+00
2.25279360269177373e-02 0.00000000000000000e+00
1.09886234996925750e-02 0.00000000000000000e+00
2.62384872867452851e-03 0.00000000000000000e+00
-2.67022831390535415e-03 0.00000000000000000e+00
1.43224357460244780e-02 0.00000000000000000e+00
2.33789686202082042e-02 0.00000000000000000e+00
-1.18509864508480091e-02 0.00000000000000000e+00
-3.57666996617104788e-03 0.00000000000000000e+00
1.30500856267172418e-02 0.00000000000000000e+00
1.62029877991844650e-03 0.00000000000000000e+00
1.83687262997229549e-03 0.00000000000000000e+00
8.97508231271524314e-03 0.00000000000000000e+00
8.55351363572236928e-03 0.00000000000000000e+00
-1.70875246723587761e-03 0.00000000000000000e+00
2.51000513227771851e-02 0.00000000000000000e+00
2.07359855112354032e-03 0.00000000000000000e+00
-1.39882001342502751e-02 0.00000000000000000e+00
-2.00300522672769302e-03 0.00000000000000000e+00
-1.38701011746157673e-02 0.00000000000000000e+00
1.57486374695451768e-03 0.00000000000000000e+00
-1.51952338732190776e-02 0.00000000000000000e+00
-2.65750107614274797e-02 0.00000000000000000e+00
2.90614073733182904e-02 0.00000000000000000e+00
5.90037413567375728e-04 0.00000000000000000e+00
-2.98998662305642732e-02 0.00000000000000000e+00
-2.47832515471684417e-02 0.00000000000000000e+00
2.65223194727222302e-03 0.00000000000000000e+00
1.26767502572344322e-02 0.00000000000000000e+00
2.43468290611487496e-02 0.00000000000000000e+00
6.98349635842535846e-03 0.00000000000000000e+00
2.19929846352239222e-02 0.00000000000000000e+00
-1.92558894912473887e-03 0.00000000000000000e+00
-3.31167474647589416e-02 0.00000000000000000e+00
-5.64769948683526649e-03 0.00000000000000000e+00
-2.74302732737489070e-02 0.00000000000000000e+00
1.08076979557194608e-03 0.00000000000000000e+00
-2.56586172733140674e-02 0.00000000000000000e+00
-3.75588277436223403e-02 0.00000000000000000e+00
3.12049455990387019e-02 0.00000000000000000e+00
3.32619924544766670e-03 0.00000000000000000e+00
-2.75295355941154798e-02 0.00000000000000000e+00
-2.22479607189852262e-02 0.00000000000000000e+00
6.17394137165068121e-03 0.00000000000000000e+00
-2.03238387423700997e-02 0.00000000000000000e+00
-8.09311884208687750e-03 0.00000000000000000e+00
-7.95620996286940801e-03 0.00000000000000000e+00
-6.45275324978122344e-02 0.00000000000000000e+00
-1.97205494864290364e-02 0.00000000000000000e+00
-5.05747620997046496e-02 0.00000000000000000e+00
-3.84006529954071113e-02 0.00000000000000000e+00
1.44205343247268691e-02 0.00000000000000000e+00
7.28107291696768796e-03 0.00000000000000000e+00
-6.18390409427464066e-03 0.00000000000000000e+00
-1.13723492710015688e-02 0.00000000000000000e+00
1.10800567512445401e-02 0.00000000000000000e+00
8.45859117833205713e-03 0.00000000000000000e+00
1.16399038680688825e-02 0.00000000000000000e+00
2.17428143397269229e-02 0.00000000000000000e+00
-8.37403637659569870e-03 0.00000000000000000e+00
-1.85322214117576364e-02 0.00000000000000000e+00
-1.53859422596406437e-02 0.00000000000000000e+00
-2.28077105855457249e-02 0.00000000000000000e+00
-5.76442925035227649e-02 0.00000000000000000e+00
-1.88098884633330216e-02 0.00000000000000000e+00
-6.54235182139765031e-02 0.00000000000000000e+00
-4.23711466721259297e-02 0.00000000000000000e+00
1.06934080184566301e-02 0.00000000000000000e+00
1.03706263334230730e-02 0.00000000000000000e+00
-3.21525108844455815e-02 0.00000000000000000e+00
-5.80836547474468876e-02 0.00000000000000000e+00
3.48747590178957664e-02 0.00000000000000000e+00
1.05120357061822874e-02 0.00000000000000000e+00
-3.22933684521900383e-02 0.00000000000000000e+00
1.59132546397820914e-03 0.00000000000000000e+00
-1.07742201654425010e-02 0.00000000000000000e+00
-1.72945256495164669e-03 0.00000000000000000e+00
7.03967870966541731e-03 0.00000000000000000e+00
2.64100014289339689e-03 0.00000000000000000e+00
-1.06600815761997807e-02 0.00000000000000000e+00
-6.53620947294135477e-03 0.00000000000000000e+00
-2.32516305767425761e-02 0.00000000000000000e+00
-1.31935351119539020e-02 0.00000000000000000e+00
-3.98927588540033858e-03 0.00000000000000000e+00
1.58997607456000498e-03 0.00000000000000000e+00
-1.75561809793476861e-03 0.00000000000000000e+00
-1.43407452656243214e-03 0.00000000000000000e+00
8.38389066817322483e-03 0.00000000000000000e+00
2.48838202753394987e-03 0.00000000000000000e+00
5.41736078265578520e-03 0.00000000000000000e+00
2.39347463090629946e-03 0.00000000000000000e+00
3.12058486507594559e-04 0.00000000000000000e+00
-9.87929702688429383e-03 0.00000000000000000e+00
-2.24096284464555123e-02 0.00000000000000000e+00
-3.31263187880463965e-03 0.00000000000000000e+00
-1.31486686429553249e-02 0.00000000000000000e+00
5.22178823453686453e-03 0.00000000000000000e+00
4.53001400315766467e-02 0.00000000000000000e+00
1.33573318147308471e-02 0.00000000000000000e+00
2.62417044561799491e-02 0.00000000000000000e+00
-2.88750108101737618e-03 0.00000000000000000e+00
3.10775389241115564e-02 0.00000000000000000e+00
4.74367607151948284e-02 0.00000000000000000e+00
-3.82379240481225194e-02 0.00000000000000000e+00
-5.08247035867791935e-03 0.00000000000000000e+00
3.34059334865767291e-02 0.00000000000000000e+00
2.28288796272576935e-02 0.00000000000000000e+00
-4.49066517909513154e-03 0.00000000000000000e+00
2.01675585616719194e-02 0.00000000000000000e+00
4.87126333632238208e-03 0.00000000000000000e+00
8.27866710041191833e-03 0.00000000000000000e+00
6.61141782847128184e-02 0.00000000000000000e+00
2.23567901740457931e-02 0.00000000000000000e+00
6.36064611804935814e-02 0.00000000000000000e+00
4.51429687905008231e-02 0.00000000000000000e+00
-1.12081019715036135e-02 0.00000000000000000e+00
-8.74734383211682280e-03 0.00000000000000000e+00
1.08896095154765015e-02 0.00000000000000000e+00
1.93249121871808642e-02 0.00000000000000000e+00
-2.14819164596935196e-02 0.00000000000000000e+00
-9.96786185234298933e-03 0.00000000000000000e+00
-6.39598534026408500e-03 0.00000000000000000e+00
-1.80011532270941722e-02 0.00000000000000000e+00
8.44418394109333267e-03 0.00000000000000000e+00
-2.18160734729185672e-02 0.00000000000000000e+00
-2.40089803896490102e-02 0.00000000000000000e+00
-2.32480096168940879e-02 0.00000000000000000e+00
-5.84759328159350708e-02 0.00000000000000000e+00
-1.60978949045761308e-02 0.00000000000000000e+00
-4.49842336856664041e-02 0.00000000000000000e+00
-3.70673761534533533e-02 0.00000000000000000e+00
2.15497086460941789e-02 0.00000000000000000e+00
9.11365245795357770e-03 0.00000000000000000e+00
-1.51465203875613182e-02 0.00000000000000000e+00
-3.27664173035399492e-02 0.00000000000000000e+00
2.31529202132905107e-02 0.00000000000000000e+00
7.41616377482827785e-03 0.00000000000000000e+00
-1.77121012504199947e-02 0.00000000000000000e+00
6.85591933447422027e-03 0.00000000000000000e+00
-1.18158962442329613e-02 0.00000000000000000e+00
1.61991643240072883e-02 0.00000000000000000e+00
2.64187918275216975e-02 0.00000000000000000e+00
1.12328990316805269e-03 0.00000000000000000e+00
3.80107036927779945e-02 0.00000000000000000e+00
-3.39190250940785403e-03 0.00000000000000000e+00
-5.38336357042496841e-02 0.00000000000000000e+00
-1.86210616469079035e-02 0.00000000000000000e+00
-3.27174406783168684e-02 0.00000000000000000e+00
4.58646283088887021e-03 0.00000000000000000e+00
-3.03979509646627039e-02 0.00000000000000000e+00
-5.09427676976489732e-02 0.00000000000000000e+00
6.53916197102511476e-02 0.00000000000000000e+00
3.83877446766058006e-03 0.00000000000000000e+00
-4.97941026516936225e-02 0.00000000000000000e+00
-4.51453749198504617e-02 0.00000000000000000e+00
6.05078118874535515e-03 0.00000000000000000e+00
-3.14161400491378764e-02 0.00000000000000000e+00
-3.48112372325162303e-02 0.00000000000000000e+00
-3.12775698671538330e-02 0.00000000000000000e+00
-8.26747983452604529e-02 0.00000000000000000e+00
-2.21616789432842742e-02 0.00000000000000000e+00
-5.73302207145986800e-02 0.00000000000000000e+00
-5.09382161021650626e-02 0.00000000000000000e+00
3.35103805092970830e-02 0.00000000000000000e+00
1.16548951114149712e-02 0.00000000000000000e+00
-1.15478813549059235e-02 0.00000000000000000e+00
-3.01634296273699948e-02 0.00000000000000000e+00
1.96327758451063025e-02 0.00000000000000000e+00
9.11344239957468695e-03 0.00000000000000000e+00
-1.21654160126770314e-02 0.00000000000000000e+00
1.77693349340041010e-02 0.00000000000000000e+00
-1.76283005234386635e-02 0.00000000000000000e+00
1.66225052787646460e-02 0.00000000000000000e+00
3.33145545432664975e-02 0.00000000000000000e+00
2.73875553830996111e-03 0.00000000000000000e+00
3.49007064493986816e-02 0.00000000000000000e+00
-7.50813963458644724e-03 0.00000000000000000e+00
-7.33940041369941787e-02 0.00000000000000000e+00
-2.84985078713473894e-02 0.00000000000000000e+00
-3.84154606620839487e-02 0.00000000000000000e+00
7.67118998933967195e-03 0.00000000000000000e+00
-3.80226581722959076e-02 0.00000000000000000e+00
-6.38561882942943332e-02 0.00000000000000000e+00
8.31488252042712900e-02 0.00000000000000000e+00
7.08015191095128296e-03 0.00000000000000000e+00
-5.72278694047534814e-02 0.00000000000000000e+00
-4.92785408419461821e-02 0.00000000000000000e+00
5.05612122849315171e-03 0.00000000000000000e+00
-1.54344183548237816e-02 0.00000000000000000e+00
-1.59022739273636630e-02 0.00000000000000000e+00
-1.70075354518302718e-02 0.00000000000000000e+00
-4.30800075199657684e-02 0.00000000000000000e+00
-1.24539787352982677e-02 0.00000000000000000e+00
-3.73822169475348381e-02 0.00000000000000000e+00
-2.84311466347451289e-02 0.00000000000000000e+00
1.36805827190111529e-02 0.00000000000000000e+00
6.95000751176874914e-03 0.00000000000000000e+00
-1.45501988357579701e-02 0.00000000000000000e+00
-2.91383688587754132e-02 0.00000000000000000e+00
1.90703092761915216e-02 0.00000000000000000e+00
6.10272507879308212e-03 0.00000000000000000e+00
-1.57574180881139246e-02 0.00000000000000000e+00
4.27726020989214594e-03 0.00000000000000000e+00
-8.53522394993290121e-03 0.00000000000000000e+00
7.69454443597098955e-03 0.00000000000000000e+00
1.49253077513928408e-02 0.00000000000000000e+00
1.28517156834933840e-03 0.00000000000000000e+00
1.64779165893159767e-02 0.00000000000000000e+00
-3.21387551202753511e-03 0.00000000000000000e+00
-3.22488375994963300e-02 0.00000000000000000e+00
-1.23427516554468954e-02 0.00000000000000000e+00
-1.72952011305449842e-02 0.00000000000000000e+00
2.70606148051100387e-03 0.00000000000000000e+00
-1.56161640506370502e-02 0.00000000000000000e+00
-2.58238279663985382e-02 0.00000000000000000e+00
3.47328626038916830e-02 0.00000000000000000e+00
2.54380166463731355e-03 0.00000000000000000e+00
-2.35942856834159137e-02 0.00000000000000000e+00
-2.19269466771786735e-02 0.00000000000000000e+00
3.05084758792117461e-03 0.00000000000000000e+00
-4.59926731501310651e-03 0.00000000000000000e+00
-1.28916920850486987e-02 0.00000000000000000e+00
-1.26162654059143410e-04 0.00000000000000000e+00
-3.45352765071198567e-03 0.00000000000000000e+00
5.06867108635524616e-03 0.00000000000000000e+00
3.47772175107014456e-02 0.00000000000000000e+00
1.26460018859501089e-02 0.00000000000000000e+00
1.55617400198625952e-02 0.00000000000000000e+00
-2.75884307251459369e-03 0.00000000000000000e+00
2.17463708569320888e-02 0.00000000000000000e+00
3.40826979342620656e-02 0.00000000000000000e+00
-2.74466515740219574e-02 0.00000000000000000e+00
-4.04075289345816671e-03 0.00000000000000000e+00
2.35018799920832314e-02 0.00000000000000000e+00
1.44307094051089740e-02 0.00000000000000000e+00
-1.85870095736311155e-03 0.00000000000000000e+00
1.22741299397667956e-02 0.00000000000000000e+00
4.01675371268730324e-04 0.00000000000000000e+00
5.59617112283102534e-03 0.00000000000000000e+00
4.19380172321860145e-02 0.00000000000000000e+00
1.59710905129267257e-02 0.00000000000000000e+00
5.03793435699512460e-02 0.00000000000000000e+00
3.35774291322060020e-02 0.00000000000000000e+00
-4.16046020875388695e-03 0.00000000000000000e+00
-6.74629110108656074e-03 0.00000000000000000e+00
1.11960755283359806e-02 0.00000000000000000e+00
1.95876858345111517e-02 0.00000000000000000e+00
-2.27410233733400177e-02 0.00000000000000000e+00
-7.49302754638001348e-03 0.00000000000000000e+00
1.41609675986391348e-03 0.00000000000000000e+00
-7.49741455276451037e-03 0.00000000000000000e+00
5.35544267598872005e-03 0.00000000000000000e+00
-1.34825675329880998e-03 0.00000000000000000e+00
-6.72180788790783818e-03 0.00000000000000000e+00
1.81691731875923508e-03 0.00000000000000000e+00
4.97143432359184023e-03 0.00000000000000000e+00
4.37353756748644351e-03 0.00000000000000000e+00
2.57366638155982139e-02 0.00000000000000000e+00
8.95304188676576684e-03 0.00000000000000000e+00
9.37360589931732560e-03 0.00000000000000000e+00
-2.16624815058856718e-03 0.00000000000000000e+00
1.96527045582177429e-02 0.00000000000000000e+00
3.01618864285558216e-02 0.00000000000000000e+00
-1.39505819526671709e-02 0.00000000000000000e+00
-4.03105230374531734e-03 0.00000000000000000e+00
1.70184065717853550e-02 0.00000000000000000e+00
4.42861755709107654e-03 0.00000000000000000e+00
1.04715344645203736e-04 0.00000000000000000e+00
1.82248747935621867e-02 0.00000000000000000e+00
1.97460161977936650e-02 0.00000000000000000e+00
-2.28713707514528004e-03 0.00000000000000000e+00
4.94283054005499670e-02 0.00000000000000000e+00
2.80519452347102564e-03 0.00000000000000000e+00
-3.36991974537376518e-02 0.00000000000000000e+00
-6.87148870859148261e-03 0.00000000000000000e+00
-2.96670993434184314e-02 0.00000000000000000e+00
3.48588672500880657e-03 0.00000000000000000e+00
-3.09293619803173575e-02 0.00000000000000000e+00
-5.36197669865093735e-02 0.00000000000000000e+00
6.10187557278987144e-02 0.00000000000000000e+00
1.71922683915263336e-03 0.00000000000000000e+00
-5.89841989492525531e-02 0.00000000000000000e+00
-4.99264718503423313e-02 0.00000000000000000e+00
5.65956431327659364e-03 0.00000000000000000e+00
-7.79663934404394346e-04 0.00000000000000000e+00
3.26493327977273734e-03 0.00000000000000000e+00
-3.11419204415285238e-03 0.00000000000000000e+00
-6.70768511685205116e-03 0.00000000000000000e+00
-4.93297362941335239e-03 0.00000000000000000e+00
-2.41825915806801635e-02 0.00000000000000000e+00
-1.18014845499678604e-02 0.00000000000000000e+00
-4.82181513542619816e-03 0.00000000000000000e+00
2.63452845906698638e-03 0.00000000000000000e+00
-1.27831858526424470e-02 0.00000000000000000e+00
-2.12199434981424039e-02 0.00000000000000000e+00
1.63284101621097646e-02 0.00000000000000000e+00
3.08828327238501888e-03 0.00000000000000000e+00
-1.36402253622214826e-02 0.00000000000000000e+00
-5.67134063471825319e-03 0.00000000000000000e+00
-8.22310104764080148e-04 0.00000000000000000e+00
-5.15171774298270324e-03 0.00000000000000000e+00
2.55189119471168919e-03 0.00000000000000000e+00
-2.52707960040136513e-03 0.00000000000000000e+00
-1.94270288517962991e-02 0.00000000000000000e+00
-9.01053780317034696e-03 0.00000000000000000e+00
-3.21583725561125147e-02 0.00000000000000000e+00
-1.98376882574946949e-02 0.00000000000000000e+00
-8.53209244400793721e-04 0.00000000000000000e+00
4.11475495694716472e-03 0.00000000000000000e+00
-8.64723537501766587e-03 0.00000000000000000e+00
-1.48674253358835936e-02 0.00000000000000000e+00
1.81640925436064651e-02 0.00000000000000000e+00
4.49313942336283367e-03 0.00000000000000000e+00
-4.73301445365199164e-03 0.00000000000000000e+00
3.66239094266949147e-04 0.00000000000000000e+00
-2.39505843930937082e-03 0.00000000000000000e+00
1.83599507873161469e-04 0.00000000000000000e+00
-8.18468187896392494e-04 0.00000000000000000e+00
7.43645429967367618e-04 0.00000000000000000e+00
2.23562060891092842e-03 0.00000000000000000e+00
1.12975159411487277e-03 0.00000000000000000e+00
5.61450229428053175e-03 0.00000000000000000e+00
2.28317244051639851e-03 0.00000000000000000e+00
1.35586293365589261e-03 0.00000000000000000e+00
-5.54159149241459825e-04 0.00000000000000000e+00
4.06904698468608505e-03 0.00000000000000000e+00
6.34942345280880161e-03 0.00000000000000000e+00
-2.71566635434614123e-03 0.00000000000000000e+00
-9.26221403398551075e-04 0.00000000000000000e+00
3.37826679025616345e-03 0.00000000000000000e+00
4.25090070784571168e-04 0.00000000000000000e+00
2.53664766417202668e-04 0.00000000000000000e+00
3.75739697000774652e-03 0.00000000000000000e+00
4.14959128794976321e-03 0.00000000000000000e+00
-6.18439359934855608e-04 0.00000000000000000e+00
1.01680334689306148e-02 0.00000000000000000e+00
4.44902236751102179e-04 0.00000000000000000e+00
-7.73721429625658964e-03 0.00000000000000000e+00
-1.84909276570466297e-03 0.00000000000000000e+00
-6.26317912662041707e-03 0.00000000000000000e+00
8.55358458387010714e-04 0.00000000000000000e+00
-6.81896795221099972e-03 0.00000000000000000e+00
-1.18714722085822635e-02 0.00000000000000000e+00
1.35161995061004285e-02 0.00000000000000000e+00
4.60772556176397010e-04 0.00000000000000000e+00
-1.28679266999375281e-02 0.00000000000000000e+00
-1.07317898927007244e-02 0.00000000000000000e+00
1.11911254902473671e-03 0.00000000000000000e+00
1.11679835565593223e-02 0.00000000000000000e+00
1.30777061689287752e-02 0.00000000000000000e+00
1.07843213588358754e-02 0.00000000000000000e+00
2.86554078836343332e-02 0.00000000000000000e+00
7.15127077456392899e-03 0.00000000000000000e+00
1.66834097260381599e-02 0.00000000000000000e+00
1.63502052381803709e-02 0.00000000000000000e+00
-1.28040622765481209e-02 0.00000000000000000e+00
-3.79190152919621796e-03 0.00000000000000000e+00
2.31918849348335164e-03 0.00000000000000000e+00
7.79214856649551504e-03 0.00000000000000000e+00
-4.66298469045290341e-03 0.00000000000000000e+00
-2.81254442961604905e-03 0.00000000000000000e+00
2.45230379931034997e-03 0.00000000000000000e+00
-7.16774677786479516e-03 0.00000000000000000e+00
6.19330142341957372e-03 0.00000000000000000e+00
-6.99034018565322397e-03 0.00000000000000000e+00
-1.14996248570851650e-02 0.00000000000000000e+00
-1.44003698813288650e-03 0.00000000000000000e+00
-1.63546412722258144e-02 0.00000000000000000e+00
9.78851740195756884e-04 0.00000000000000000e+00
2.03107913928700125e-02 0.00000000000000000e+00
6.48045110319808541e-03 0.00000000000000000e+00
1.36850379811668654e-02 0.00000000000000000e+00
-1.93512668011835021e-03 0.00000000000000000e+00
1.19642753161149258e-02 0.00000000000000000e+00
2.00163048215123464e-02 0.00000000000000000e+00
-2.63487422068547153e-02 0.00000000000000000e+00
-1.65038991794751503e-03 0.00000000000000000e+00
1.96301153887929111e-02 0.00000000000000000e+00
1.78409416749293129e-02 0.00000000000000000e+00
-2.32056152342689347e-03 0.00000000000000000e+00
-2.29559605968545841e-02 0.00000000000000000e+00
-2.22581382767820003e-02 0.00000000000000000e+00
-2.62474920414096334e-02 0.00000000000000000e+00
-6.62908694382113028e-02 0.00000000000000000e+00
-1.99964872195578097e-02 0.00000000000000000e+00
-6.35019377173379335e-02 0.00000000000000000e+00
-4.54615185824224083e-02 0.00000000000000000e+00
1.81353002767861392e-02 0.00000000000000000e+00
1.11489343012715781e-02 0.00000000000000000e+00
-2.74045462810704153e-02 0.00000000000000000e+00
-5.24486701295910698e-02 0.00000000000000000e+00
3.34299685716103884e-02 0.00000000000000000e+00
1.03085569072507745e-02 0.00000000000000000e+00
-2.88644685085247751e-02 0.00000000000000000e+00
4.68478255601152867e-03 0.00000000000000000e+00
-1.28499915249942840e-02 0.00000000000000000e+00
7.77065683050426337e-03 0.00000000000000000e+00
1.86652015095920588e-02 0.00000000000000000e+00
2.11021278821914250e-03 0.00000000000000000e+00
1.42006336713822057e-02 0.00000000000000000e+00
-5.87242793764325595e-03 0.00000000000000000e+00
-4.37942890810624069e-02 0.00000000000000000e+00
-1.83270430197959959e-02 0.00000000000000000e+00
-2.03062244918322046e-02 0.00000000000000000e+00
3.50346138489696958e-03 0.00000000000000000e+00
-1.78546807881760673e-02 0.00000000000000000e+00
-2.90207903009302437e-02 0.00000000000000000e+00
4.10196249222600368e-02 0.00000000000000000e+00
3.63853563841022099e-03 0.00000000000000000e+00
-2.41606520938312495e-02 0.00000000000000000e+00
-2.33136086992941985e-02 0.00000000000000000e+00
3.47677049942257937e-03 0.00000000000000000e+00
-1.51691407136961588e-02 0.00000000000000000e+00
-1.08325141553066162e-02 0.00000000000000000e+00
-1.82829768222871024e-02 0.00000000000000000e+00
-4.64281689503157971e-02 0.00000000000000000e+00
-1.69717909551383023e-02 0.00000000000000000e+00
-6.00590063032412497e-02 0.00000000000000000e+00
-3.97254596776948563e-02 0.00000000000000000e+00
8.18711786712716938e-03 0.00000000000000000e+00
8.94887073981891039e-03 0.00000000000000000e+00
-2.28401952031823396e-02 0.00000000000000000e+00
-4.28952252705450190e-02 0.00000000000000000e+00
3.20006239024130112e-02 0.00000000000000000e+00
8.40761148183274097e-03 0.00000000000000000e+00
-2.43564993829250669e-02 0.00000000000000000e+00
-9.60919010120067564e-05 0.00000000000000000e+00
-9.03618225662033980e-03 0.00000000000000000e+00
1.90032395930043524e-04 0.00000000000000000e+00
1.95327576610874361e-02 0.00000000000000000e+00
-2.80046794609557738e-03 0.00000000000000000e+00
-1.24447186060771126e-02 0.00000000000000000e+00
-1.71032052003073781e-02 0.00000000000000000e+00
-8.35802688258935056e-02 0.00000000000000000e+00
-4.35030379171260223e-02 0.00000000000000000e+00
-1.96168941154787474e-02 0.00000000000000000e+00
9.92768385879115763e-03 0.00000000000000000e+00
-3.16726814804985934e-02 0.00000000000000000e+00
-5.37980639798338947e-02 0.00000000000000000e+00
6.75765549568577428e-02 0.00000000000000000e+00
1.01789627828834262e-02 0.00000000000000000e+00
-3.53704934836189186e-02 0.00000000000000000e+00
-2.34198078101965045e-02 0.00000000000000000e+00
-1.24847143226982900e-03 0.00000000000000000e+00
-2.79416909949357743e-02 0.00000000000000000e+00
-2.37054721059976152e-02 0.00000000000000000e+00
-3.38974155927504670e-02 0.00000000000000000e+00
-8.62688336492200419e-02 0.00000000000000000e+00
-2.77331036647735021e-02 0.00000000000000000e+00
-9.52059807318929030e-02 0.00000000000000000e+00
-6.23236797930050643e-02 0.00000000000000000e+00
1.69755415352450360e-02 0.00000000000000000e+00
1.52347556276942186e-02 0.00000000000000000e+00
-4.62822307547237147e-02 0.00000000000000000e+00
-8.39329516002040865e-02 0.00000000000000000e+00
4.97240941646785797e-02 0.00000000000000000e+00
1.53883366383052844e-02 0.00000000000000000e+00
-4.61444793874706063e-02 0.00000000000000000e+00
3.65304539525054340e-03 0.00000000000000000e+00
-1.61957172226666613e-02 0.00000000000000000e+00
-2.44302533625597200e-03 0.00000000000000000e+00
1.00280392790218498e-02 0.00000000000000000e+00
4.32448160524896187e-03 0.00000000000000000e+00
-1.51308817352680189e-02 0.00000000000000000e+00
-9.00557447716115317e-03 0.00000000000000000e+00
-3.11923673285744128e-02 0.00000000000000000e+00
-1.77557652267961406e-02 0.00000000000000000e+00
-5.38605313488191989e-03 0.00000000000000000e+00
1.98085432252252409e-03 0.00000000000000000e+00
-1.33759634511217791e-03 0.00000000000000000e+00
9.04991882785780331e-05 0.00000000000000000e+00
9.83544686712428673e-03 0.00000000000000000e+00
3.33410434762516179e-03 0.00000000000000000e+00
9.61573920462331297e-03 0.00000000000000000e+00
4.55846509194625729e-03 0.00000000000000000e+00
5.33701055027610105e-04 0.00000000000000000e+00
-2.37380104629073621e-02 0.00000000000000000e+00
-3.52317463150247021e-02 0.00000000000000000e+00
-1.84031556275806689e-02 0.00000000000000000e+00
-5.26703259202149776e-02 0.00000000000000000e+00
-7.14085657449802132e-03 0.00000000000000000e+00
6.61832678514366786e-03 0.00000000000000000e+00
-1.51215734163746354e-02 0.00000000000000000e+00
3.75651284610671252e-02 0.00000000000000000e+00
3.62742823193310231e-03 0.00000000000000000e+00
1.81562682011346260e-02 0.00000000000000000e+00
2.14917350836439820e-02 0.00000000000000000e+00
-2.05091265261649128e-02 0.00000000000000000e+00
7.33075832057621612e-04 0.00000000000000000e+00
2.01467913780407938e-02 0.00000000000000000e+00
2.73951126592205628e-02 0.00000000000000000e+00
-1.24838146171525523e-02 0.00000000000000000e+00
2.30531520874722243e-02 0.00000000000000000e+00
1.87587827489977231e-02 0.00000000000000000e+00
8.27330201979997217e-03 0.00000000000000000e+00
6.67017509709910278e-02 0.00000000000000000e+00
1.42001206623321181e-02 0.00000000000000000e+00
1.82254606229787369e-02 0.00000000000000000e+00
2.31918879836149304e-02 0.00000000000000000e+00
-2.56001938019457739e-02 0.00000000000000000e+00
-3.65837615906969543e-03 0.00000000000000000e+00
-7.32152520806199966e-03 0.00000000000000000e+00
-1.12556051748837621e-02 0.00000000000000000e+00
1.82253659687576820e-02 0.00000000000000000e+00
-4.76529505541313254e-03 0.00000000000000000e+00
-2.83612408349729408e-02 0.00000000000000000e+00
-3.46567685187088581e-02 0.00000000000000000e+00
8.91930631493468781e-03 0.00000000000000000e+00
-5.48500940674457888e-03 0.00000000000000000e+00
-2.00003332180393248e-02 0.00000000000000000e+00
2.89799880895185531e-03 0.00000000000000000e+00
8.50586465517208859e-03 0.00000000000000000e+00
1.02571521130977988e-02 0.00000000000000000e+00
6.47828567286109908e-02 0.00000000000000000e+00
2.04541481646726489e-02 0.00000000000000000e+00
2.69892761291019335e-02 0.00000000000000000e+00
-4.97857097309185957e-03 0.00000000000000000e+00
5.17620292078852587e-02 0.00000000000000000e+00
7.85212632126575105e-02 0.00000000000000000e+00
-3.48533903288893096e-02 0.00000000000000000e+00
-1.02203394059149112e-02 0.00000000000000000e+00
4.41772910351267839e-02 0.00000000000000000e+00
1.21026512380124664e-02 0.00000000000000000e+00
-7.12987901719777510e-04 0.00000000000000000e+00
5.10137845350683641e-02 0.00000000000000000e+00
5.71229294985964448e-02 0.00000000000000000e+00
-6.64129484966243661e-03 0.00000000000000000e+00
1.37104373251579481e-01 0.00000000000000000e+00
6.20686517349240251e-03 0.00000000000000000e+00
-1.02238481293255162e-01 0.00000000000000000e+00
-2.33618517612924556e-02 0.00000000000000000e+00
-8.48761828292552284e-02 0.00000000000000000e+00
1.06205734483209250e-02 0.00000000000000000e+00
-8.93653946398643567e-02 0.00000000000000000e+00
-1.54776744810379174e-01 0.00000000000000000e+00
1.76826085236571673e-01 0.00000000000000000e+00
5.72022857832617942e-03 0.00000000000000000e+00
-1.68073698973980945e-01 0.00000000000000000e+00
-1.41818548231631619e-01 0.00000000000000000e+00
1.57929595765557498e-02 0.00000000000000000e+00
1.48562443011240604e-03 0.00000000000000000e+00
1.09593355984791384e-02 0.00000000000000000e+00
-3.79521898544003030e-03 0.00000000000000000e+00
-6.67372859966754769e-03 0.00000000000000000e+00
-8.82651524537961425e-03 0.00000000000000000e+00
-4.85861883632099090e-02 0.00000000000000000e+00
-2.12652823896658967e-02 0.00000000000000000e+00
-1.43787300932417799e-02 0.00000000000000000e+00
4.73438089692210760e-03 0.00000000000000000e+00
-2.78596056866380615e-02 0.00000000000000000e+00
-4.50572872811211417e-02 0.00000000000000000e+00
3.48447864942838942e-02 0.00000000000000000e+00
6.04917212152061585e-03 0.00000000000000000e+00
-2.96735234408129732e-02 0.00000000000000000e+00
-1.46637146195878199e-02 0.00000000000000000e+00
-1.65061322458480111e-06 0.00000000000000000e+00
-1.34800586552549576e-02 0.00000000000000000e+00
1.93462103156133891e-03 0.00000000000000000e+00
-5.91580360129430674e-03 0.00000000000000000e+00
-4.76799899537631577e-02 0.00000000000000000e+00
-1.93684230714463446e-02 0.00000000000000000e+00
-6.36660121297216997e-02 0.00000000000000000e+00
-4.11994431573760381e-02 0.00000000000000000e+00
2.50326055684524070e-03 0.00000000000000000e+00
8.29502722718839999e-03 0.00000000000000000e+00
-1.49123588995031479e-02 0.00000000000000000e+00
-2.57531736441639764e-02 0.00000000000000000e+00
3.09212349323581132e-02 0.00000000000000000e+00
9.23900789908132201e-03 0.00000000000000000e+00
-3.74292908117854163e-03 0.00000000000000000e+00
6.62620471313778679e-03 0.00000000000000000e+00
-5.89678337981114180e-03 0.00000000000000000e+00
2.27824993039455574e-02 0.00000000000000000e+00
2.11863797180767387e-02 0.00000000000000000e+00
2.64098522854411093e-02 0.00000000000000000e+00
6.74235820362385080e-02 0.00000000000000000e+00
2.06539479955526739e-02 0.00000000000000000e+00
6.72016797857462461e-02 0.00000000000000000e+00
4.65660060122500691e-02 0.00000000000000000e+00
-1.66938280654520092e-02 0.00000000000000000e+00
-1.14034711720648173e-02 0.00000000000000000e+00
3.05154324047596549e-02 0.00000000000000000e+00
5.70358701275108168e-02 0.00000000000000000e+00
-3.46244061590948587e-02 0.00000000000000000e+00
-1.09711563842065478e-02 0.00000000000000000e+00
3.09918259840160706e-02 0.00000000000000000e+00
-4.71372978958612288e-03 0.00000000000000000e+00
1.28949648635947756e-02 0.00000000000000000e+00
-3.43975468106035367e-03 0.00000000000000000e+00
-1.34102177706576127e-02 0.00000000000000000e+00
-2.88904803823227495e-03 0.00000000000000000e+00
-2.77627015511104679e-03 0.00000000000000000e+00
5.95584093859775898e-03 0.00000000000000000e+00
3.28250605814830523e-02 0.00000000000000000e+00
1.51068918700925474e-02 0.00000000000000000e+00
1.26237389770144388e-02 0.00000000000000000e+00
-2.31240068670042400e-03 0.00000000000000000e+00
9.34193400345557749e-03 0.00000000000000000e+00
1.42404766572166355e-02 0.00000000000000000e+00
-2.39042329559763407e-02 0.00000000000000000e+00
-2.89534183502351957e-03 0.00000000000000000e+00
8.62541680544889541e-03 0.00000000000000000e+00
1.03807686954729451e-02 0.00000000000000000e+00
-2.17194191134594114e-03 0.00000000000000000e+00
