# n_qubits=10; one amplitude per line: real imag; index = sum_k x_k 2^(n-1-k), qubit 0 = most significant bit
0.00000000000000000e+00 0.00000000000000000e+00
3.16227766016837830e-01 0.00000000000000000e+00
3.16227766016837941e-01 0.00000000000000000e+00
0.00000000000000000e+00 0.00000000000000000e+00
3.16227766016837997e-01 0.00000000000000000e+00
0.00000000000000000e+00 0.00000000000000000e+00
0.00000000000000000e+00 0.00000000000000000e+00
-8.49212331140188168e-18 0.00000000000000000e+00
3.16227766016837941e-01 0.00000000000000000e+00
0.00000000000000000e+00 0.00000000000000000e+00
0.00000000000000000e+00 0.00000000000000000e+00
-8.10649763936694798e-18 0.00000000000000000e+00
0.00000000000000000e+00 0.00000000000000000e+00
-3.28521187594940473e-18 0.00000000000000000e+00
6.75661194150957100e-18 0.00000000000000000e+00
0.00000000000000000e+00 0.00000000000000000e+00
3.16227766016837941e-01 0.00000000000000000e+00
0.00000000000000000e+00 0.00000000000000000e+00
0.00000000000000000e+00 0.00000000000000000e+00
-8.12248913901821374e-18 0.00000000000000000e+00
0.00000000000000000e+00 0.00000000000000000e+00
3.05891316618833906e-18 0.00000000000000000e+00
-1.94785172652344699e-18 0.00000000000000000e+00
0.00000000000000000e+00 0.00000000000000000e+00
0.00000000000000000e+00 0.00000000000000000e+00
-2.95280208375731507e-18 0.00000000000000000e+00
-1.06489135780233933e-17 0.00000000000000000e+00
0.00000000000000000e+00 0.00000000000000000e+00
1.03339024477601930e-17 0.00000000000000000e+00
0.00000000000000000e+00 0.00000000000000000e+00
0.00000000000000000e+00 0.00000000000000000e+00
-1.76912167020223744e-21 0.00000000000000000e+00
3.16227766016837997e-01 0.00000000000000000e+00
0.00000000000000000e+00 0.00000000000000000e+00
0.00000000000000000e+00 0.00000000000000000e+00
-1.11751476183039946e-17 0.00000000000000000e+00
0.00000000000000000e+00 0.00000000000000000e+00
-3.70596831513424049e-19 0.00000000000000000e+00
-5.44358120089363473e-18 0.00000000000000000e+00
0.00000000000000000e+00 0.00000000000000000e+00
0.00000000000000000e+00 0.00000000000000000e+00
-6.58899183032527223e-19 0.00000000000000000e+00
-1.86596337581784798e-18 0.00000000000000000e+00
0.00000000000000000e+00 0.00000000000000000e+00
6.85737345729983900e-18 0.00000000000000000e+00
0.00000000000000000e+00 0.00000000000000000e+00
0.00000000000000000e+00 0.00000000000000000e+00
8.33889129569481956e-19 0.00000000000000000e+00
0.00000000000000000e+00 0.00000000000000000e+00
-2.18828856440831234e-17 0.00000000000000000e+00
-1.56803250722961250e-17 0.00000000000000000e+00
0.00000000000000000e+00 0.00000000000000000e+00
5.00081174388560657e-18 0.00000000000000000e+00
0.00000000000000000e+00 0.00000000000000000e+00
0.00000000000000000e+00 0.00000000000000000e+00
-1.55974334582914503e-18 0.00000000000000000e+00
-5.84650827390270948e-18 0.00000000000000000e+00
0.00000000000000000e+00 0.00000000000000000e+00
0.00000000000000000e+00 0.00000000000000000e+00
-2.79277800031934136e-18 0.00000000000000000e+00
0.00000000000000000e+00 0.00000000000000000e+00
-2.10542871828330593e-18 0.00000000000000000e+00
1.32359151447847628e-17 0.00000000000000000e+00
0.00000000000000000e+00 0.00000000000000000e+00
3.16227766016837830e-01 0.00000000000000000e+00
0.00000000000000000e+00 0.00000000000000000e+00
0.00000000000000000e+00 0.00000000000000000e+00
1.31026591109331245e-18 0.00000000000000000e+00
0.00000000000000000e+00 0.00000000000000000e+00
-2.30244146712865251e-18 0.00000000000000000e+00
-7.61751185434991941e-18 0.00000000000000000e+00
0.00000000000000000e+00 0.00000000000000000e+00
0.00000000000000000e+00 0.00000000000000000e+00
-1.06379181015676122e-18 0.00000000000000000e+00
2.65628558852837706e-18 0.00000000000000000e+00
0.00000000000000000e+00 0.00000000000000000e+00
3.50120904171788027e-18 0.00000000000000000e+00
0.00000000000000000e+00 0.00000000000000000e+00
0.00000000000000000e+00 0.00000000000000000e+00
-3.13740538252088252e-19 0.00000000000000000e+00
0.00000000000000000e+00 0.00000000000000000e+00
-1.36630199144601126e-17 0.00000000000000000e+00
-1.71904063263660954e-17 0.00000000000000000e+00
0.00000000000000000e+00 0.00000000000000000e+00
9.70187191459012509e-19 0.00000000000000000e+00
0.00000000000000000e+00 0.00000000000000000e+00
0.00000000000000000e+00 0.00000000000000000e+00
-3.97619476479804945e-18 0.00000000000000000e+00
-1.22476717096614091e-17 0.00000000000000000e+00
0.00000000000000000e+00 0.00000000000000000e+00
0.00000000000000000e+00 0.00000000000000000e+00
2.23393412053996361e-18 0.00000000000000000e+00
0.00000000000000000e+00 0.00000000000000000e+00
3.13709731902761475e-18 0.00000000000000000e+00
2.61088557763734514e-18 0.00000000000000000e+00
0.00000000000000000e+00 0.00000000000000000e+00
0.00000000000000000e+00 0.00000000000000000e+00
-1.54513119591263007e-17 0.00000000000000000e+00
-3.32285416110498499e-17 0.00000000000000000e+00
0.00000000000000000e+00 0.00000000000000000e+00
-1.98726156649963329e-17 0.00000000000000000e+00
0.00000000000000000e+00 0.00000000000000000e+00
0.00000000000000000e+00 0.00000000000000000e+00
-1.24356473016415473e-17 0.00000000000000000e+00
1.20591580680083044e-17 0.00000000000000000e+00
0.00000000000000000e+00 0.00000000000000000e+00
0.00000000000000000e+00 0.00000000000000000e+00
-7.97275179845383179e-18 0.00000000000000000e+00
0.00000000000000000e+00 0.00000000000000000e+00
-1.26526109146218261e-18 0.00000000000000000e+00
1.60774051973540877e-18 0.00000000000000000e+00
0.00000000000000000e+00 0.00000000000000000e+00
-3.85436192927627066e-17 0.00000000000000000e+00
0.00000000000000000e+00 0.00000000000000000e+00
0.00000000000000000e+00 0.00000000000000000e+00
-7.76972270043111962e-18 0.00000000000000000e+00
0.00000000000000000e+00 0.00000000000000000e+00
6.97088598163697704e-18 0.00000000000000000e+00
1.04936095609635299e-17 0.00000000000000000e+00
0.00000000000000000e+00 0.00000000000000000e+00
0.00000000000000000e+00 0.00000000000000000e+00
-5.36304507163298007e-18 0.00000000000000000e+00
-3.29535296378429817e-19 0.00000000000000000e+00
0.00000000000000000e+00 0.00000000000000000e+00
-2.07177517159699912e-17 0.00000000000000000e+00
0.00000000000000000e+00 0.00000000000000000e+00
0.00000000000000000e+00 0.00000000000000000e+00
1.88365271975765575e-18 0.00000000000000000e+00
3.16227766016837941e-01 0.00000000000000000e+00
0.00000000000000000e+00 0.00000000000000000e+00
0.00000000000000000e+00 0.00000000000000000e+00
-3.94786501332725008e-18 0.00000000000000000e+00
0.00000000000000000e+00 0.00000000000000000e+00
-7.36119775594107375e-19 0.00000000000000000e+00
4.50718915402152758e-19 0.00000000000000000e+00
0.00000000000000000e+00 0.00000000000000000e+00
0.00000000000000000e+00 0.00000000000000000e+00
-6.31905271661641963e-18 0.00000000000000000e+00
-1.06200143929280499e-17 0.00000000000000000e+00
0.00000000000000000e+00 0.00000000000000000e+00
2.30761131531739353e-18 0.00000000000000000e+00
0.00000000000000000e+00 0.00000000000000000e+00
0.00000000000000000e+00 0.00000000000000000e+00
1.78645941187666088e-18 0.00000000000000000e+00
0.00000000000000000e+00 0.00000000000000000e+00
-4.73944498841049082e-18 0.00000000000000000e+00
-2.73761982424471950e-18 0.00000000000000000e+00
0.00000000000000000e+00 0.00000000000000000e+00
1.11142289174328475e-17 0.00000000000000000e+00
0.00000000000000000e+00 0.00000000000000000e+00
0.00000000000000000e+00 0.00000000000000000e+00
-1.01689811117046243e-18 0.00000000000000000e+00
-1.29329730349528849e-18 0.00000000000000000e+00
0.00000000000000000e+00 0.00000000000000000e+00
0.00000000000000000e+00 0.00000000000000000e+00
-8.05554699580122041e-19 0.00000000000000000e+00
0.00000000000000000e+00 0.00000000000000000e+00
2.27130915947348269e-18 0.00000000000000000e+00
-7.92683649885122551e-19 0.00000000000000000e+00
0.00000000000000000e+00 0.00000000000000000e+00
0.00000000000000000e+00 0.00000000000000000e+00
-1.51444141795266446e-17 0.00000000000000000e+00
-9.66395013758293642e-18 0.00000000000000000e+00
0.00000000000000000e+00 0.00000000000000000e+00
1.02322063396909540e-17 0.00000000000000000e+00
0.00000000000000000e+00 0.00000000000000000e+00
0.00000000000000000e+00 0.00000000000000000e+00
-8.54548673570369608e-19 0.00000000000000000e+00
1.83383958101460036e-18 0.00000000000000000e+00
0.00000000000000000e+00 0.00000000000000000e+00
0.00000000000000000e+00 0.00000000000000000e+00
-5.85143680915127097e-18 0.00000000000000000e+00
0.00000000000000000e+00 0.00000000000000000e+00
7.18018692076673010e-19 0.00000000000000000e+00
5.95130057377126877e-18 0.00000000000000000e+00
0.00000000000000000e+00 0.00000000000000000e+00
-7.59754564227753379e-18 0.00000000000000000e+00
0.00000000000000000e+00 0.00000000000000000e+00
0.00000000000000000e+00 0.00000000000000000e+00
-1.10127507460228031e-18 0.00000000000000000e+00
0.00000000000000000e+00 0.00000000000000000e+00
3.78174226279140370e-18 0.00000000000000000e+00
8.68668064721045639e-18 0.00000000000000000e+00
0.00000000000000000e+00 0.00000000000000000e+00
0.00000000000000000e+00 0.00000000000000000e+00
-3.88596020286834554e-18 0.00000000000000000e+00
2.30555660043104350e-18 0.00000000000000000e+00
0.00000000000000000e+00 0.00000000000000000e+00
-1.36784639042692307e-18 0.00000000000000000e+00
0.00000000000000000e+00 0.00000000000000000e+00
0.00000000000000000e+00 0.00000000000000000e+00
-5.85013663460859918e-21 0.00000000000000000e+00
0.00000000000000000e+00 0.00000000000000000e+00
-4.08077371297794158e-17 0.00000000000000000e+00
-2.92188414124469176e-17 0.00000000000000000e+00
0.00000000000000000e+00 0.00000000000000000e+00
-4.98105852577361929e-17 0.00000000000000000e+00
0.00000000000000000e+00 0.00000000000000000e+00
0.00000000000000000e+00 0.00000000000000000e+00
3.05578006457869563e-18 0.00000000000000000e+00
-1.71604858159772070e-17 0.00000000000000000e+00
0.00000000000000000e+00 0.00000000000000000e+00
0.00000000000000000e+00 0.00000000000000000e+00
5.48977638330655476e-18 0.00000000000000000e+00
0.00000000000000000e+00 0.00000000000000000e+00
-2.79960832719183371e-18 0.00000000000000000e+00
2.36129132396588064e-18 0.00000000000000000e+00
0.00000000000000000e+00 0.00000000000000000e+00
-5.71389723249919257e-17 0.00000000000000000e+00
0.00000000000000000e+00 0.00000000000000000e+00
0.00000000000000000e+00 0.00000000000000000e+00
-1.07415877088855774e-18 0.00000000000000000e+00
0.00000000000000000e+00 0.00000000000000000e+00
2.50119686004728060e-18 0.00000000000000000e+00
6.17033224100522930e-19 0.00000000000000000e+00
0.00000000000000000e+00 0.00000000000000000e+00
0.00000000000000000e+00 0.00000000000000000e+00
4.84553367924001442e-18 0.00000000000000000e+00
-3.14572983748844224e-19 0.00000000000000000e+00
0.00000000000000000e+00 0.00000000000000000e+00
2.62490368472724272e-18 0.00000000000000000e+00
0.00000000000000000e+00 0.00000000000000000e+00
0.00000000000000000e+00 0.00000000000000000e+00
6.53271731557004869e-18 0.00000000000000000e+00
-1.24566661231227097e-17 0.00000000000000000e+00
0.00000000000000000e+00 0.00000000000000000e+00
0.00000000000000000e+00 0.00000000000000000e+00
-2.66062787620608897e-18 0.00000000000000000e+00
0.00000000000000000e+00 0.00000000000000000e+00
2.57639625814638931e-18 0.00000000000000000e+00
-2.45991936200837713e-18 0.00000000000000000e+00
0.00000000000000000e+00 0.00000000000000000e+00
0.00000000000000000e+00 0.00000000000000000e+00
8.25262587374054253e-18 0.00000000000000000e+00
1.27325814161610988e-17 0.00000000000000000e+00
0.00000000000000000e+00 0.00000000000000000e+00
-3.99609552235951100e-18 0.00000000000000000e+00
0.00000000000000000e+00 0.00000000000000000e+00
0.00000000000000000e+00 0.00000000000000000e+00
-1.17872211506026970e-18 0.00000000000000000e+00
0.00000000000000000e+00 0.00000000000000000e+00
-1.30769549453087736e-17 0.00000000000000000e+00
-1.74969284799399579e-17 0.00000000000000000e+00
0.00000000000000000e+00 0.00000000000000000e+00
-2.05111713281692606e-17 0.00000000000000000e+00
0.00000000000000000e+00 0.00000000000000000e+00
0.00000000000000000e+00 0.00000000000000000e+00
-3.50334005391056956e-18 0.00000000000000000e+00
-2.16573788674780481e-17 0.00000000000000000e+00
0.00000000000000000e+00 0.00000000000000000e+00
0.00000000000000000e+00 0.00000000000000000e+00
-5.36471018649738088e-19 0.00000000000000000e+00
0.00000000000000000e+00 0.00000000000000000e+00
-5.66280072322101479e-19 0.00000000000000000e+00
2.90177802733190740e-18 0.00000000000000000e+00
0.00000000000000000e+00 0.00000000000000000e+00
3.16227766016837941e-01 0.00000000000000000e+00
0.00000000000000000e+00 0.00000000000000000e+00
0.00000000000000000e+00 0.00000000000000000e+00
-1.45401719681093770e-18 0.00000000000000000e+00
0.00000000000000000e+00 0.00000000000000000e+00
-1.04907689929866023e-19 0.00000000000000000e+00
1.81181603226052129e-20 0.00000000000000000e+00
0.00000000000000000e+00 0.00000000000000000e+00
0.00000000000000000e+00 0.00000000000000000e+00
-1.89056398312012747e-19 0.00000000000000000e+00
-3.59156707819537669e-18 0.00000000000000000e+00
0.00000000000000000e+00 0.00000000000000000e+00
-2.31705732260098364e-18 0.00000000000000000e+00
0.00000000000000000e+00 0.00000000000000000e+00
0.00000000000000000e+00 0.00000000000000000e+00
-2.11280442323792802e-18 0.00000000000000000e+00
0.00000000000000000e+00 0.00000000000000000e+00
-1.14876578472099250e-20 0.00000000000000000e+00
-2.89618048480671917e-18 0.00000000000000000e+00
0.00000000000000000e+00 0.00000000000000000e+00
4.96241109443719203e-18 0.00000000000000000e+00
0.00000000000000000e+00 0.00000000000000000e+00
0.00000000000000000e+00 0.00000000000000000e+00
-1.92874706036397251e-18 0.00000000000000000e+00
-6.06555883683401747e-18 0.00000000000000000e+00
0.00000000000000000e+00 0.00000000000000000e+00
0.00000000000000000e+00 0.00000000000000000e+00
-1.17664932406590175e-18 0.00000000000000000e+00
0.00000000000000000e+00 0.00000000000000000e+00
3.77989069674484124e-18 0.00000000000000000e+00
-4.34061786956189739e-18 0.00000000000000000e+00
0.00000000000000000e+00 0.00000000000000000e+00
0.00000000000000000e+00 0.00000000000000000e+00
-4.78312911005409206e-18 0.00000000000000000e+00
-2.77018194888413257e-18 0.00000000000000000e+00
0.00000000000000000e+00 0.00000000000000000e+00
-2.61199226492176584e-18 0.00000000000000000e+00
0.00000000000000000e+00 0.00000000000000000e+00
0.00000000000000000e+00 0.00000000000000000e+00
-1.59521339148284264e-18 0.00000000000000000e+00
1.12219572491061676e-18 0.00000000000000000e+00
0.00000000000000000e+00 0.00000000000000000e+00
0.00000000000000000e+00 0.00000000000000000e+00
-1.62596324475036514e-18 0.00000000000000000e+00
0.00000000000000000e+00 0.00000000000000000e+00
1.09254224301685106e-18 0.00000000000000000e+00
3.19894225383444232e-18 0.00000000000000000e+00
0.00000000000000000e+00 0.00000000000000000e+00
-1.03558762946315454e-17 0.00000000000000000e+00
0.00000000000000000e+00 0.00000000000000000e+00
0.00000000000000000e+00 0.00000000000000000e+00
-1.32193630850079584e-18 0.00000000000000000e+00
0.00000000000000000e+00 0.00000000000000000e+00
4.44210256600037733e-18 0.00000000000000000e+00
3.61664657427866454e-18 0.00000000000000000e+00
0.00000000000000000e+00 0.00000000000000000e+00
0.00000000000000000e+00 0.00000000000000000e+00
5.73889507814830921e-20 0.00000000000000000e+00
2.45498357700296398e-18 0.00000000000000000e+00
0.00000000000000000e+00 0.00000000000000000e+00
5.80935683198059156e-18 0.00000000000000000e+00
0.00000000000000000e+00 0.00000000000000000e+00
0.00000000000000000e+00 0.00000000000000000e+00
-2.19937415635546005e-18 0.00000000000000000e+00
0.00000000000000000e+00 0.00000000000000000e+00
-2.64726262291668124e-17 0.00000000000000000e+00
-5.31475157188568667e-18 0.00000000000000000e+00
0.00000000000000000e+00 0.00000000000000000e+00
-1.55346219185393438e-17 0.00000000000000000e+00
0.00000000000000000e+00 0.00000000000000000e+00
0.00000000000000000e+00 0.00000000000000000e+00
-4.57792635778897573e-18 0.00000000000000000e+00
1.30285294495148356e-17 0.00000000000000000e+00
0.00000000000000000e+00 0.00000000000000000e+00
0.00000000000000000e+00 0.00000000000000000e+00
-4.20441108789437060e-21 0.00000000000000000e+00
0.00000000000000000e+00 0.00000000000000000e+00
-5.80244223470521253e-18 0.00000000000000000e+00
-6.29123066236610080e-18 0.00000000000000000e+00
0.00000000000000000e+00 0.00000000000000000e+00
-1.13873052359204033e-17 0.00000000000000000e+00
0.00000000000000000e+00 0.00000000000000000e+00
0.00000000000000000e+00 0.00000000000000000e+00
-2.73963367950024945e-18 0.00000000000000000e+00
0.00000000000000000e+00 0.00000000000000000e+00
-1.88908911267966855e-18 0.00000000000000000e+00
1.51192735507363637e-18 0.00000000000000000e+00
0.00000000000000000e+00 0.00000000000000000e+00
0.00000000000000000e+00 0.00000000000000000e+00
4.74136614288127657e-19 0.00000000000000000e+00
-2.16837981815606749e-18 0.00000000000000000e+00
0.00000000000000000e+00 0.00000000000000000e+00
1.11722900725442009e-17 0.00000000000000000e+00
0.00000000000000000e+00 0.00000000000000000e+00
0.00000000000000000e+00 0.00000000000000000e+00
6.36571436766217828e-19 0.00000000000000000e+00
1.85705587001963967e-19 0.00000000000000000e+00
0.00000000000000000e+00 0.00000000000000000e+00
0.00000000000000000e+00 0.00000000000000000e+00
-3.83302462277605296e-19 0.00000000000000000e+00
0.00000000000000000e+00 0.00000000000000000e+00
-1.69036631570755914e-18 0.00000000000000000e+00
-1.58854942729316111e-18 0.00000000000000000e+00
0.00000000000000000e+00 0.00000000000000000e+00
0.00000000000000000e+00 0.00000000000000000e+00
5.48804742581284681e-18 0.00000000000000000e+00
3.64002289983569949e-18 0.00000000000000000e+00
0.00000000000000000e+00 0.00000000000000000e+00
7.70700103753742404e-18 0.00000000000000000e+00
0.00000000000000000e+00 0.00000000000000000e+00
0.00000000000000000e+00 0.00000000000000000e+00
-3.12239327457734771e-18 0.00000000000000000e+00
0.00000000000000000e+00 0.00000000000000000e+00
-1.69944792462862875e-17 0.00000000000000000e+00
-1.21397107420608507e-17 0.00000000000000000e+00
0.00000000000000000e+00 0.00000000000000000e+00
-6.50072494701835337e-18 0.00000000000000000e+00
0.00000000000000000e+00 0.00000000000000000e+00
0.00000000000000000e+00 0.00000000000000000e+00
-3.00393437255414661e-18 0.00000000000000000e+00
-8.79473197416096550e-18 0.00000000000000000e+00
0.00000000000000000e+00 0.00000000000000000e+00
0.00000000000000000e+00 0.00000000000000000e+00
6.06155100259993649e-19 0.00000000000000000e+00
0.00000000000000000e+00 0.00000000000000000e+00
-2.01354958513086966e-18 0.00000000000000000e+00
-2.87579405816416706e-18 0.00000000000000000e+00
0.00000000000000000e+00 0.00000000000000000e+00
0.00000000000000000e+00 0.00000000000000000e+00
-4.71119284323129876e-17 0.00000000000000000e+00
-2.18488361567263716e-17 0.00000000000000000e+00
0.00000000000000000e+00 0.00000000000000000e+00
-1.92759436578195747e-17 0.00000000000000000e+00
0.00000000000000000e+00 0.00000000000000000e+00
0.00000000000000000e+00 0.00000000000000000e+00
2.49061635108460580e-18 0.00000000000000000e+00
-3.93107436985349793e-17 0.00000000000000000e+00
0.00000000000000000e+00 0.00000000000000000e+00
0.00000000000000000e+00 0.00000000000000000e+00
-2.23223281734347598e-18 0.00000000000000000e+00
0.00000000000000000e+00 0.00000000000000000e+00
2.35708356457792510e-18 0.00000000000000000e+00
1.27657836982561512e-17 0.00000000000000000e+00
0.00000000000000000e+00 0.00000000000000000e+00
8.89007006490432541e-18 0.00000000000000000e+00
0.00000000000000000e+00 0.00000000000000000e+00
0.00000000000000000e+00 0.00000000000000000e+00
-4.19519168324858961e-19 0.00000000000000000e+00
0.00000000000000000e+00 0.00000000000000000e+00
-2.12480356602627406e-18 0.00000000000000000e+00
-1.29520035157326863e-18 0.00000000000000000e+00
0.00000000000000000e+00 0.00000000000000000e+00
0.00000000000000000e+00 0.00000000000000000e+00
8.37638178780089880e-20 0.00000000000000000e+00
-6.93314231025345276e-18 0.00000000000000000e+00
0.00000000000000000e+00 0.00000000000000000e+00
6.06557124754816107e-18 0.00000000000000000e+00
0.00000000000000000e+00 0.00000000000000000e+00
0.00000000000000000e+00 0.00000000000000000e+00
5.61781275813491605e-18 0.00000000000000000e+00
8.51035411614202500e-18 0.00000000000000000e+00
0.00000000000000000e+00 0.00000000000000000e+00
0.00000000000000000e+00 0.00000000000000000e+00
-8.63483847549173426e-18 0.00000000000000000e+00
0.00000000000000000e+00 0.00000000000000000e+00
4.76956383688069891e-18 0.00000000000000000e+00
9.76596157913611147e-18 0.00000000000000000e+00
0.00000000000000000e+00 0.00000000000000000e+00
0.00000000000000000e+00 0.00000000000000000e+00
-1.91542499067387911e-18 0.00000000000000000e+00
4.72745865733186253e-18 0.00000000000000000e+00
0.00000000000000000e+00 0.00000000000000000e+00
1.14548572401306250e-18 0.00000000000000000e+00
0.00000000000000000e+00 0.00000000000000000e+00
0.00000000000000000e+00 0.00000000000000000e+00
8.41283842807854662e-19 0.00000000000000000e+00
0.00000000000000000e+00 0.00000000000000000e+00
-1.88624992386434755e-17 0.00000000000000000e+00
-8.01024727928296785e-18 0.00000000000000000e+00
0.00000000000000000e+00 0.00000000000000000e+00
-5.35259616514810827e-18 0.00000000000000000e+00
0.00000000000000000e+00 0.00000000000000000e+00
0.00000000000000000e+00 0.00000000000000000e+00
3.91594284844716896e-18 0.00000000000000000e+00
-1.73154665187535397e-17 0.00000000000000000e+00
0.00000000000000000e+00 0.00000000000000000e+00
0.00000000000000000e+00 0.00000000000000000e+00
-3.45546234591983016e-18 0.00000000000000000e+00
0.00000000000000000e+00 0.00000000000000000e+00
2.95930273823207801e-18 0.00000000000000000e+00
5.78182191035634078e-18 0.00000000000000000e+00
0.00000000000000000e+00 0.00000000000000000e+00
-6.21527007129854443e-17 0.00000000000000000e+00
0.00000000000000000e+00 0.00000000000000000e+00
0.00000000000000000e+00 0.00000000000000000e+00
-1.05033778736073748e-18 0.00000000000000000e+00
0.00000000000000000e+00 0.00000000000000000e+00
2.81930152404279649e-18 0.00000000000000000e+00
6.70876935277443449e-19 0.00000000000000000e+00
0.00000000000000000e+00 0.00000000000000000e+00
0.00000000000000000e+00 0.00000000000000000e+00
5.50327964102124441e-20 0.00000000000000000e+00
9.68110565997338614e-18 0.00000000000000000e+00
0.00000000000000000e+00 0.00000000000000000e+00
-1.32680434623056453e-18 0.00000000000000000e+00
0.00000000000000000e+00 0.00000000000000000e+00
0.00000000000000000e+00 0.00000000000000000e+00
6.11907770973699982e-18 0.00000000000000000e+00
0.00000000000000000e+00 0.00000000000000000e+00
-8.36776373471735440e-18 0.00000000000000000e+00
-6.48954222504553139e-18 0.00000000000000000e+00
0.00000000000000000e+00 0.00000000000000000e+00
4.13586969089615227e-18 0.00000000000000000e+00
0.00000000000000000e+00 0.00000000000000000e+00
0.00000000000000000e+00 0.00000000000000000e+00
4.93688059026887554e-18 0.00000000000000000e+00
-9.37984619489371097e-18 0.00000000000000000e+00
0.00000000000000000e+00 0.00000000000000000e+00
0.00000000000000000e+00 0.00000000000000000e+00
2.05513594401320390e-18 0.00000000000000000e+00
0.00000000000000000e+00 0.00000000000000000e+00
1.22316387130752823e-18 0.00000000000000000e+00
5.71638702673377815e-18 0.00000000000000000e+00
0.00000000000000000e+00 0.00000000000000000e+00
0.00000000000000000e+00 0.00000000000000000e+00
-8.98299275828162275e-18 0.00000000000000000e+00
-1.94250190875893320e-17 0.00000000000000000e+00
0.00000000000000000e+00 0.00000000000000000e+00
-5.41249810034086893e-18 0.00000000000000000e+00
0.00000000000000000e+00 0.00000000000000000e+00
0.00000000000000000e+00 0.00000000000000000e+00
-5.43139128442391340e-18 0.00000000000000000e+00
-7.01121885667332591e-18 0.00000000000000000e+00
0.00000000000000000e+00 0.00000000000000000e+00
0.00000000000000000e+00 0.00000000000000000e+00
-5.66497078073079717e-18 0.00000000000000000e+00
0.00000000000000000e+00 0.00000000000000000e+00
2.53402936490862385e-18 0.00000000000000000e+00
-4.34245653069995835e-19 0.00000000000000000e+00
0.00000000000000000e+00 0.00000000000000000e+00
-1.23518465303773175e-17 0.00000000000000000e+00
0.00000000000000000e+00 0.00000000000000000e+00
0.00000000000000000e+00 0.00000000000000000e+00
-4.53987159815821826e-18 0.00000000000000000e+00
0.00000000000000000e+00 0.00000000000000000e+00
5.01856890804310147e-18 0.00000000000000000e+00
2.79044909038998608e-18 0.00000000000000000e+00
0.00000000000000000e+00 0.00000000000000000e+00
0.00000000000000000e+00 0.00000000000000000e+00
-2.47117469310917922e-18 0.00000000000000000e+00
-7.99095658596236287e-18 0.00000000000000000e+00
0.00000000000000000e+00 0.00000000000000000e+00
-2.05264924732825391e-17 0.00000000000000000e+00
0.00000000000000000e+00 0.00000000000000000e+00
0.00000000000000000e+00 0.00000000000000000e+00
6.28810965914780141e-19 0.00000000000000000e+00
3.16227766016837997e-01 0.00000000000000000e+00
0.00000000000000000e+00 0.00000000000000000e+00
0.00000000000000000e+00 0.00000000000000000e+00
-2.08371065771402591e-19 0.00000000000000000e+00
0.00000000000000000e+00 0.00000000000000000e+00
5.25295047357621766e-19 0.00000000000000000e+00
-2.85758364521856376e-18 0.00000000000000000e+00
0.00000000000000000e+00 0.00000000000000000e+00
0.00000000000000000e+00 0.00000000000000000e+00
-3.10306435932222087e-19 0.00000000000000000e+00
-2.73077945736119152e-18 0.00000000000000000e+00
0.00000000000000000e+00 0.00000000000000000e+00
-2.54797632908828176e-19 0.00000000000000000e+00
0.00000000000000000e+00 0.00000000000000000e+00
0.00000000000000000e+00 0.00000000000000000e+00
-7.70141024298233374e-19 0.00000000000000000e+00
0.00000000000000000e+00 0.00000000000000000e+00
-2.00680981338970135e-18 0.00000000000000000e+00
-2.86208025409885307e-18 0.00000000000000000e+00
0.00000000000000000e+00 0.00000000000000000e+00
-1.20765931994639884e-18 0.00000000000000000e+00
0.00000000000000000e+00 0.00000000000000000e+00
0.00000000000000000e+00 0.00000000000000000e+00
-1.53523823438820361e-18 0.00000000000000000e+00
-4.39402357879672888e-18 0.00000000000000000e+00
0.00000000000000000e+00 0.00000000000000000e+00
0.00000000000000000e+00 0.00000000000000000e+00
-1.11303534900505451e-18 0.00000000000000000e+00
0.00000000000000000e+00 0.00000000000000000e+00
-7.82225854026843567e-19 0.00000000000000000e+00
-1.34056788744886671e-18 0.00000000000000000e+00
0.00000000000000000e+00 0.00000000000000000e+00
0.00000000000000000e+00 0.00000000000000000e+00
-3.36857718397018467e-18 0.00000000000000000e+00
-7.00873907988926713e-18 0.00000000000000000e+00
0.00000000000000000e+00 0.00000000000000000e+00
-3.33385209142334631e-18 0.00000000000000000e+00
0.00000000000000000e+00 0.00000000000000000e+00
0.00000000000000000e+00 0.00000000000000000e+00
-1.92456407039162474e-18 0.00000000000000000e+00
5.93492048941622215e-18 0.00000000000000000e+00
0.00000000000000000e+00 0.00000000000000000e+00
0.00000000000000000e+00 0.00000000000000000e+00
-1.03526016369547861e-18 0.00000000000000000e+00
0.00000000000000000e+00 0.00000000000000000e+00
-1.66923599473220325e-18 0.00000000000000000e+00
2.98988585499853415e-18 0.00000000000000000e+00
0.00000000000000000e+00 0.00000000000000000e+00
-3.27806334925945391e-18 0.00000000000000000e+00
0.00000000000000000e+00 0.00000000000000000e+00
0.00000000000000000e+00 0.00000000000000000e+00
-2.25198114518002242e-18 0.00000000000000000e+00
0.00000000000000000e+00 0.00000000000000000e+00
1.38912921514899858e-18 0.00000000000000000e+00
3.48603945092895106e-18 0.00000000000000000e+00
0.00000000000000000e+00 0.00000000000000000e+00
0.00000000000000000e+00 0.00000000000000000e+00
-1.28024556884893816e-18 0.00000000000000000e+00
-2.19645613784408300e-19 0.00000000000000000e+00
0.00000000000000000e+00 0.00000000000000000e+00
3.47915204952641353e-18 0.00000000000000000e+00
0.00000000000000000e+00 0.00000000000000000e+00
0.00000000000000000e+00 0.00000000000000000e+00
1.23645034675980119e-18 0.00000000000000000e+00
0.00000000000000000e+00 0.00000000000000000e+00
-1.34822958066505588e-17 0.00000000000000000e+00
-2.43711579187231077e-18 0.00000000000000000e+00
0.00000000000000000e+00 0.00000000000000000e+00
-1.84268222302153823e-17 0.00000000000000000e+00
0.00000000000000000e+00 0.00000000000000000e+00
0.00000000000000000e+00 0.00000000000000000e+00
-2.61716679195422399e-19 0.00000000000000000e+00
-1.74434258923129302e-18 0.00000000000000000e+00
0.00000000000000000e+00 0.00000000000000000e+00
0.00000000000000000e+00 0.00000000000000000e+00
5.14156735605939958e-19 0.00000000000000000e+00
0.00000000000000000e+00 0.00000000000000000e+00
-4.95978811038478653e-18 0.00000000000000000e+00
-7.60215759273054666e-19 0.00000000000000000e+00
0.00000000000000000e+00 0.00000000000000000e+00
-9.33021093040312323e-18 0.00000000000000000e+00
0.00000000000000000e+00 0.00000000000000000e+00
0.00000000000000000e+00 0.00000000000000000e+00
-2.34531729382911123e-19 0.00000000000000000e+00
0.00000000000000000e+00 0.00000000000000000e+00
1.91306737543743049e-18 0.00000000000000000e+00
3.03359769688717365e-19 0.00000000000000000e+00
0.00000000000000000e+00 0.00000000000000000e+00
0.00000000000000000e+00 0.00000000000000000e+00
1.77554521602110358e-18 0.00000000000000000e+00
2.13988544473322025e-18 0.00000000000000000e+00
0.00000000000000000e+00 0.00000000000000000e+00
-5.20023075585777090e-18 0.00000000000000000e+00
0.00000000000000000e+00 0.00000000000000000e+00
0.00000000000000000e+00 0.00000000000000000e+00
6.24641743963607818e-19 0.00000000000000000e+00
9.54384495824877547e-19 0.00000000000000000e+00
0.00000000000000000e+00 0.00000000000000000e+00
0.00000000000000000e+00 0.00000000000000000e+00
3.64244559669108136e-19 0.00000000000000000e+00
0.00000000000000000e+00 0.00000000000000000e+00
2.88824632400146440e-19 0.00000000000000000e+00
-1.41665267240188716e-18 0.00000000000000000e+00
0.00000000000000000e+00 0.00000000000000000e+00
0.00000000000000000e+00 0.00000000000000000e+00
-1.11037482463624518e-18 0.00000000000000000e+00
1.94880613239942196e-18 0.00000000000000000e+00
0.00000000000000000e+00 0.00000000000000000e+00
-2.81922491896092059e-18 0.00000000000000000e+00
0.00000000000000000e+00 0.00000000000000000e+00
0.00000000000000000e+00 0.00000000000000000e+00
-9.01054031893323694e-19 0.00000000000000000e+00
0.00000000000000000e+00 0.00000000000000000e+00
-5.18849489663716789e-18 0.00000000000000000e+00
-1.94239810657559245e-18 0.00000000000000000e+00
0.00000000000000000e+00 0.00000000000000000e+00
-4.79712290682611085e-18 0.00000000000000000e+00
0.00000000000000000e+00 0.00000000000000000e+00
0.00000000000000000e+00 0.00000000000000000e+00
-7.22888034023651736e-19 0.00000000000000000e+00
-2.13514736844988654e-18 0.00000000000000000e+00
0.00000000000000000e+00 0.00000000000000000e+00
0.00000000000000000e+00 0.00000000000000000e+00
3.14436148292739594e-18 0.00000000000000000e+00
0.00000000000000000e+00 0.00000000000000000e+00
-1.71922592024919124e-19 0.00000000000000000e+00
6.79222225542734403e-18 0.00000000000000000e+00
0.00000000000000000e+00 0.00000000000000000e+00
0.00000000000000000e+00 0.00000000000000000e+00
-2.02770358262806246e-17 0.00000000000000000e+00
-6.20849374211284763e-19 0.00000000000000000e+00
0.00000000000000000e+00 0.00000000000000000e+00
1.28551077526029220e-18 0.00000000000000000e+00
0.00000000000000000e+00 0.00000000000000000e+00
0.00000000000000000e+00 0.00000000000000000e+00
3.67585385315866310e-18 0.00000000000000000e+00
-2.28750175834246988e-17 0.00000000000000000e+00
0.00000000000000000e+00 0.00000000000000000e+00
0.00000000000000000e+00 0.00000000000000000e+00
-1.02467994088914183e-18 0.00000000000000000e+00
0.00000000000000000e+00 0.00000000000000000e+00
2.07246123547039430e-18 0.00000000000000000e+00
5.67067981333163824e-18 0.00000000000000000e+00
0.00000000000000000e+00 0.00000000000000000e+00
-1.04201914454340179e-17 0.00000000000000000e+00
0.00000000000000000e+00 0.00000000000000000e+00
0.00000000000000000e+00 0.00000000000000000e+00
-1.01424946399907464e-18 0.00000000000000000e+00
0.00000000000000000e+00 0.00000000000000000e+00
4.18043835263405544e-18 0.00000000000000000e+00
2.25369529855994252e-18 0.00000000000000000e+00
0.00000000000000000e+00 0.00000000000000000e+00
0.00000000000000000e+00 0.00000000000000000e+00
-5.73556212993161319e-18 0.00000000000000000e+00
-2.65722375897352156e-18 0.00000000000000000e+00
0.00000000000000000e+00 0.00000000000000000e+00
2.29343755773543182e-18 0.00000000000000000e+00
0.00000000000000000e+00 0.00000000000000000e+00
0.00000000000000000e+00 0.00000000000000000e+00
-2.26218897660412636e-18 0.00000000000000000e+00
-1.38560393722234318e-18 0.00000000000000000e+00
0.00000000000000000e+00 0.00000000000000000e+00
0.00000000000000000e+00 0.00000000000000000e+00
-3.67948294816085935e-18 0.00000000000000000e+00
0.00000000000000000e+00 0.00000000000000000e+00
3.31747934048339237e-18 0.00000000000000000e+00
-2.90395194192089060e-19 0.00000000000000000e+00
0.00000000000000000e+00 0.00000000000000000e+00
0.00000000000000000e+00 0.00000000000000000e+00
-4.13421297744277869e-18 0.00000000000000000e+00
-1.92365672262568336e-18 0.00000000000000000e+00
0.00000000000000000e+00 0.00000000000000000e+00
-1.20270247771741704e-18 0.00000000000000000e+00
0.00000000000000000e+00 0.00000000000000000e+00
0.00000000000000000e+00 0.00000000000000000e+00
2.00391916422125275e-18 0.00000000000000000e+00
0.00000000000000000e+00 0.00000000000000000e+00
-3.15024039106081373e-19 0.00000000000000000e+00
-1.56114464796647683e-18 0.00000000000000000e+00
0.00000000000000000e+00 0.00000000000000000e+00
8.04593843143017283e-19 0.00000000000000000e+00
0.00000000000000000e+00 0.00000000000000000e+00
0.00000000000000000e+00 0.00000000000000000e+00
1.81172670534066246e-19 0.00000000000000000e+00
4.66016339570227166e-19 0.00000000000000000e+00
0.00000000000000000e+00 0.00000000000000000e+00
0.00000000000000000e+00 0.00000000000000000e+00
-1.40108490656254478e-19 0.00000000000000000e+00
0.00000000000000000e+00 0.00000000000000000e+00
-1.54046752818203859e-18 0.00000000000000000e+00
4.13138949465179033e-18 0.00000000000000000e+00
0.00000000000000000e+00 0.00000000000000000e+00
1.60346006022841456e-17 0.00000000000000000e+00
0.00000000000000000e+00 0.00000000000000000e+00
0.00000000000000000e+00 0.00000000000000000e+00
1.24220920157896222e-18 0.00000000000000000e+00
0.00000000000000000e+00 0.00000000000000000e+00
1.15223778899490638e-18 0.00000000000000000e+00
-2.35890250830862717e-18 0.00000000000000000e+00
0.00000000000000000e+00 0.00000000000000000e+00
0.00000000000000000e+00 0.00000000000000000e+00
-2.04546098865210587e-18 0.00000000000000000e+00
-1.27893823300669002e-18 0.00000000000000000e+00
0.00000000000000000e+00 0.00000000000000000e+00
-4.70213057163760891e-19 0.00000000000000000e+00
0.00000000000000000e+00 0.00000000000000000e+00
0.00000000000000000e+00 0.00000000000000000e+00
1.59664720029986139e-18 0.00000000000000000e+00
0.00000000000000000e+00 0.00000000000000000e+00
-4.48950380874460574e-18 0.00000000000000000e+00
-8.45315094851743034e-18 0.00000000000000000e+00
0.00000000000000000e+00 0.00000000000000000e+00
7.13403545383279022e-19 0.00000000000000000e+00
0.00000000000000000e+00 0.00000000000000000e+00
0.00000000000000000e+00 0.00000000000000000e+00
-1.64214469853989975e-18 0.00000000000000000e+00
-1.65451900279218941e-17 0.00000000000000000e+00
0.00000000000000000e+00 0.00000000000000000e+00
0.00000000000000000e+00 0.00000000000000000e+00
-9.48229072531541858e-19 0.00000000000000000e+00
0.00000000000000000e+00 0.00000000000000000e+00
8.55015428226725847e-19 0.00000000000000000e+00
5.55108372209879050e-18 0.00000000000000000e+00
0.00000000000000000e+00 0.00000000000000000e+00
0.00000000000000000e+00 0.00000000000000000e+00
4.07545422454546001e-18 0.00000000000000000e+00
-8.12759225376173188e-18 0.00000000000000000e+00
0.00000000000000000e+00 0.00000000000000000e+00
1.49600425204002013e-18 0.00000000000000000e+00
0.00000000000000000e+00 0.00000000000000000e+00
0.00000000000000000e+00 0.00000000000000000e+00
-2.19995265404397782e-19 0.00000000000000000e+00
4.28832361256496519e-18 0.00000000000000000e+00
0.00000000000000000e+00 0.00000000000000000e+00
0.00000000000000000e+00 0.00000000000000000e+00
4.71157224704036866e-19 0.00000000000000000e+00
0.00000000000000000e+00 0.00000000000000000e+00
1.99056738906149486e-19 0.00000000000000000e+00
-1.11929591345037357e-18 0.00000000000000000e+00
0.00000000000000000e+00 0.00000000000000000e+00
-2.08736630418113024e-18 0.00000000000000000e+00
0.00000000000000000e+00 0.00000000000000000e+00
0.00000000000000000e+00 0.00000000000000000e+00
-1.20931045302695853e-18 0.00000000000000000e+00
0.00000000000000000e+00 0.00000000000000000e+00
4.79874422419740682e-18 0.00000000000000000e+00
2.46877028832484051e-18 0.00000000000000000e+00
0.00000000000000000e+00 0.00000000000000000e+00
0.00000000000000000e+00 0.00000000000000000e+00
5.21474208872045136e-19 0.00000000000000000e+00
6.01095144343834185e-19 0.00000000000000000e+00
0.00000000000000000e+00 0.00000000000000000e+00
-3.83856516214352729e-18 0.00000000000000000e+00
0.00000000000000000e+00 0.00000000000000000e+00
0.00000000000000000e+00 0.00000000000000000e+00
-8.78088421471189707e-19 0.00000000000000000e+00
0.00000000000000000e+00 0.00000000000000000e+00
-2.09752685636241561e-17 0.00000000000000000e+00
-4.98471336452969068e-18 0.00000000000000000e+00
0.00000000000000000e+00 0.00000000000000000e+00
-1.67497337810641465e-17 0.00000000000000000e+00
0.00000000000000000e+00 0.00000000000000000e+00
0.00000000000000000e+00 0.00000000000000000e+00
-4.01518589225967011e-18 0.00000000000000000e+00
2.06580948598192234e-17 0.00000000000000000e+00
0.00000000000000000e+00 0.00000000000000000e+00
0.00000000000000000e+00 0.00000000000000000e+00
-3.28418459287287448e-18 0.00000000000000000e+00
0.00000000000000000e+00 0.00000000000000000e+00
2.99728043917398715e-18 0.00000000000000000e+00
-3.38914790814588322e-18 0.00000000000000000e+00
0.00000000000000000e+00 0.00000000000000000e+00
2.06580948598192234e-17 0.00000000000000000e+00
0.00000000000000000e+00 0.00000000000000000e+00
0.00000000000000000e+00 0.00000000000000000e+00
-1.17433263305976726e-18 0.00000000000000000e+00
0.00000000000000000e+00 0.00000000000000000e+00
-3.21291998102275600e-18 0.00000000000000000e+00
-7.00950425663026266e-19 0.00000000000000000e+00
0.00000000000000000e+00 0.00000000000000000e+00
0.00000000000000000e+00 0.00000000000000000e+00
5.83106376080136865e-18 0.00000000000000000e+00
-6.97931060850184076e-18 0.00000000000000000e+00
0.00000000000000000e+00 0.00000000000000000e+00
1.72436371870904016e-17 0.00000000000000000e+00
0.00000000000000000e+00 0.00000000000000000e+00
0.00000000000000000e+00 0.00000000000000000e+00
2.95858244640309015e-18 0.00000000000000000e+00
-3.92832966888968904e-18 0.00000000000000000e+00
0.00000000000000000e+00 0.00000000000000000e+00
0.00000000000000000e+00 0.00000000000000000e+00
-3.01339302184603563e-18 0.00000000000000000e+00
0.00000000000000000e+00 0.00000000000000000e+00
-6.17256289389512460e-19 0.00000000000000000e+00
3.35430393140979644e-18 0.00000000000000000e+00
0.00000000000000000e+00 0.00000000000000000e+00
0.00000000000000000e+00 0.00000000000000000e+00
4.61595979081184984e-18 0.00000000000000000e+00
5.63569603960115950e-19 0.00000000000000000e+00
0.00000000000000000e+00 0.00000000000000000e+00
1.36040971341730602e-17 0.00000000000000000e+00
0.00000000000000000e+00 0.00000000000000000e+00
0.00000000000000000e+00 0.00000000000000000e+00
-2.62541110363715680e-18 0.00000000000000000e+00
0.00000000000000000e+00 0.00000000000000000e+00
-1.10391476665136774e-17 0.00000000000000000e+00
-6.39909678331103507e-18 0.00000000000000000e+00
0.00000000000000000e+00 0.00000000000000000e+00
2.34495655220331712e-18 0.00000000000000000e+00
0.00000000000000000e+00 0.00000000000000000e+00
0.00000000000000000e+00 0.00000000000000000e+00
-2.85105255760858963e-20 0.00000000000000000e+00
-9.46155896283905747e-18 0.00000000000000000e+00
0.00000000000000000e+00 0.00000000000000000e+00
0.00000000000000000e+00 0.00000000000000000e+00
-2.88140459444639388e-18 0.00000000000000000e+00
0.00000000000000000e+00 0.00000000000000000e+00
2.99209933329210250e-18 0.00000000000000000e+00
-6.66866575991090325e-18 0.00000000000000000e+00
0.00000000000000000e+00 0.00000000000000000e+00
-3.37966726757986112e-17 0.00000000000000000e+00
0.00000000000000000e+00 0.00000000000000000e+00
0.00000000000000000e+00 0.00000000000000000e+00
-1.25638674729298531e-18 0.00000000000000000e+00
0.00000000000000000e+00 0.00000000000000000e+00
-1.17797144846029725e-18 0.00000000000000000e+00
4.06159629006492796e-18 0.00000000000000000e+00
0.00000000000000000e+00 0.00000000000000000e+00
0.00000000000000000e+00 0.00000000000000000e+00
1.77865981987976574e-18 0.00000000000000000e+00
1.67726852547329151e-18 0.00000000000000000e+00
0.00000000000000000e+00 0.00000000000000000e+00
8.76330510296028346e-18 0.00000000000000000e+00
0.00000000000000000e+00 0.00000000000000000e+00
0.00000000000000000e+00 0.00000000000000000e+00
9.89983335189817369e-19 0.00000000000000000e+00
0.00000000000000000e+00 0.00000000000000000e+00
-3.24256307751931576e-18 0.00000000000000000e+00
4.31224291258413048e-18 0.00000000000000000e+00
0.00000000000000000e+00 0.00000000000000000e+00
-6.56532658685114166e-19 0.00000000000000000e+00
0.00000000000000000e+00 0.00000000000000000e+00
0.00000000000000000e+00 0.00000000000000000e+00
2.08702741401116440e-18 0.00000000000000000e+00
9.23505087553855721e-18 0.00000000000000000e+00
0.00000000000000000e+00 0.00000000000000000e+00
0.00000000000000000e+00 0.00000000000000000e+00
3.90649437906175797e-18 0.00000000000000000e+00
0.00000000000000000e+00 0.00000000000000000e+00
4.44891595911538092e-18 0.00000000000000000e+00
-1.89274850861365327e-18 0.00000000000000000e+00
0.00000000000000000e+00 0.00000000000000000e+00
0.00000000000000000e+00 0.00000000000000000e+00
-6.67057069841178301e-18 0.00000000000000000e+00
-6.89183523385105808e-18 0.00000000000000000e+00
0.00000000000000000e+00 0.00000000000000000e+00
-6.39092071058058889e-18 0.00000000000000000e+00
0.00000000000000000e+00 0.00000000000000000e+00
0.00000000000000000e+00 0.00000000000000000e+00
-7.65425173443168158e-18 0.00000000000000000e+00
7.86256195357963422e-18 0.00000000000000000e+00
0.00000000000000000e+00 0.00000000000000000e+00
0.00000000000000000e+00 0.00000000000000000e+00
-5.15225747481340605e-18 0.00000000000000000e+00
0.00000000000000000e+00 0.00000000000000000e+00
-7.32426991315593401e-21 0.00000000000000000e+00
-9.66882592274915048e-18 0.00000000000000000e+00
0.00000000000000000e+00 0.00000000000000000e+00
-1.65892069085435396e-17 0.00000000000000000e+00
0.00000000000000000e+00 0.00000000000000000e+00
0.00000000000000000e+00 0.00000000000000000e+00
-4.35344119462859944e-18 0.00000000000000000e+00
0.00000000000000000e+00 0.00000000000000000e+00
1.26277976363907981e-19 0.00000000000000000e+00
6.86733834920559307e-19 0.00000000000000000e+00
0.00000000000000000e+00 0.00000000000000000e+00
0.00000000000000000e+00 0.00000000000000000e+00
-6.32937492027335842e-18 0.00000000000000000e+00
-1.03713082698474375e-17 0.00000000000000000e+00
0.00000000000000000e+00 0.00000000000000000e+00
-1.07405121553863185e-17 0.00000000000000000e+00
0.00000000000000000e+00 0.00000000000000000e+00
0.00000000000000000e+00 0.00000000000000000e+00
-2.39286011147848286e-18 0.00000000000000000e+00
-1.78061174767041481e-17 0.00000000000000000e+00
0.00000000000000000e+00 0.00000000000000000e+00
0.00000000000000000e+00 0.00000000000000000e+00
-3.60269721336627822e-18 0.00000000000000000e+00
0.00000000000000000e+00 0.00000000000000000e+00
-4.26912067711655794e-19 0.00000000000000000e+00
5.26708048735457487e-18 0.00000000000000000e+00
0.00000000000000000e+00 0.00000000000000000e+00
0.00000000000000000e+00 0.00000000000000000e+00
1.54678547128454754e-18 0.00000000000000000e+00
9.23760164051214104e-19 0.00000000000000000e+00
0.00000000000000000e+00 0.00000000000000000e+00
3.42947508405492827e-18 0.00000000000000000e+00
0.00000000000000000e+00 0.00000000000000000e+00
0.00000000000000000e+00 0.00000000000000000e+00
-5.51871616325193422e-19 0.00000000000000000e+00
0.00000000000000000e+00 0.00000000000000000e+00
-2.37625647590218163e-18 0.00000000000000000e+00
8.55831241776897130e-19 0.00000000000000000e+00
0.00000000000000000e+00 0.00000000000000000e+00
2.35529893030203225e-18 0.00000000000000000e+00
0.00000000000000000e+00 0.00000000000000000e+00
0.00000000000000000e+00 0.00000000000000000e+00
-1.64000470714230616e-19 0.00000000000000000e+00
5.72959429085007887e-18 0.00000000000000000e+00
0.00000000000000000e+00 0.00000000000000000e+00
0.00000000000000000e+00 0.00000000000000000e+00
9.52021452966118260e-19 0.00000000000000000e+00
0.00000000000000000e+00 0.00000000000000000e+00
3.00919845930524982e-18 0.00000000000000000e+00
-2.30532021348217395e-18 0.00000000000000000e+00
0.00000000000000000e+00 0.00000000000000000e+00
0.00000000000000000e+00 0.00000000000000000e+00
-3.86498532849444238e-18 0.00000000000000000e+00
3.79465835074750061e-19 0.00000000000000000e+00
0.00000000000000000e+00 0.00000000000000000e+00
5.71354785801466376e-18 0.00000000000000000e+00
0.00000000000000000e+00 0.00000000000000000e+00
0.00000000000000000e+00 0.00000000000000000e+00
-5.61529453135424950e-22 0.00000000000000000e+00
-1.78529515660655141e-18 0.00000000000000000e+00
0.00000000000000000e+00 0.00000000000000000e+00
0.00000000000000000e+00 0.00000000000000000e+00
-4.59857885783691010e-18 0.00000000000000000e+00
0.00000000000000000e+00 0.00000000000000000e+00
2.43985228911043044e-18 0.00000000000000000e+00
-4.16025905288891054e-19 0.00000000000000000e+00
0.00000000000000000e+00 0.00000000000000000e+00
-3.15931724576479018e-18 0.00000000000000000e+00
0.00000000000000000e+00 0.00000000000000000e+00
0.00000000000000000e+00 0.00000000000000000e+00
6.64775136157939102e-19 0.00000000000000000e+00
0.00000000000000000e+00 0.00000000000000000e+00
1.35780486368137846e-19 0.00000000000000000e+00
-8.24793127181752369e-20 0.00000000000000000e+00
0.00000000000000000e+00 0.00000000000000000e+00
0.00000000000000000e+00 0.00000000000000000e+00
-1.37570370404332064e-18 0.00000000000000000e+00
-2.73738633949269550e-18 0.00000000000000000e+00
0.00000000000000000e+00 0.00000000000000000e+00
-6.02694926470501449e-18 0.00000000000000000e+00
0.00000000000000000e+00 0.00000000000000000e+00
0.00000000000000000e+00 0.00000000000000000e+00
-8.45884518056405798e-19 0.00000000000000000e+00
0.00000000000000000e+00 0.00000000000000000e+00
-2.24366852598122079e-17 0.00000000000000000e+00
-1.98546627968570024e-17 0.00000000000000000e+00
0.00000000000000000e+00 0.00000000000000000e+00
-1.98213793244018134e-17 0.00000000000000000e+00
0.00000000000000000e+00 0.00000000000000000e+00
0.00000000000000000e+00 0.00000000000000000e+00
9.14373120405664408e-19 0.00000000000000000e+00
-1.51998545218324761e-18 0.00000000000000000e+00
0.00000000000000000e+00 0.00000000000000000e+00
0.00000000000000000e+00 0.00000000000000000e+00
3.09053208713572672e-18 0.00000000000000000e+00
0.00000000000000000e+00 0.00000000000000000e+00
1.96830075485839034e-18 0.00000000000000000e+00
2.40641160055603828e-18 0.00000000000000000e+00
0.00000000000000000e+00 0.00000000000000000e+00
-2.29623747599128816e-17 0.00000000000000000e+00
0.00000000000000000e+00 0.00000000000000000e+00
0.00000000000000000e+00 0.00000000000000000e+00
-1.51418620148608256e-18 0.00000000000000000e+00
0.00000000000000000e+00 0.00000000000000000e+00
-1.05058736341246783e-18 0.00000000000000000e+00
2.45334358643185267e-18 0.00000000000000000e+00
0.00000000000000000e+00 0.00000000000000000e+00
0.00000000000000000e+00 0.00000000000000000e+00
3.12082623783501901e-18 0.00000000000000000e+00
-9.13788257471161675e-19 0.00000000000000000e+00
0.00000000000000000e+00 0.00000000000000000e+00
8.83014145380761748e-18 0.00000000000000000e+00
0.00000000000000000e+00 0.00000000000000000e+00
0.00000000000000000e+00 0.00000000000000000e+00
8.27236867474750009e-18 0.00000000000000000e+00
-2.81166626044422609e-17 0.00000000000000000e+00
0.00000000000000000e+00 0.00000000000000000e+00
0.00000000000000000e+00 0.00000000000000000e+00
-4.09352903367982347e-18 0.00000000000000000e+00
0.00000000000000000e+00 0.00000000000000000e+00
-7.92080930282229490e-19 0.00000000000000000e+00
1.95551633571130378e-18 0.00000000000000000e+00
0.00000000000000000e+00 0.00000000000000000e+00
0.00000000000000000e+00 0.00000000000000000e+00
5.23839246005017284e-18 0.00000000000000000e+00
6.62759505033842637e-18 0.00000000000000000e+00
0.00000000000000000e+00 0.00000000000000000e+00
2.00088203259063756e-18 0.00000000000000000e+00
0.00000000000000000e+00 0.00000000000000000e+00
0.00000000000000000e+00 0.00000000000000000e+00
-2.05565967779367073e-19 0.00000000000000000e+00
0.00000000000000000e+00 0.00000000000000000e+00
-6.90976263186415295e-18 0.00000000000000000e+00
-3.19271937349236311e-19 0.00000000000000000e+00
0.00000000000000000e+00 0.00000000000000000e+00
-5.19311479233161340e-18 0.00000000000000000e+00
0.00000000000000000e+00 0.00000000000000000e+00
0.00000000000000000e+00 0.00000000000000000e+00
1.87342805930616129e-19 0.00000000000000000e+00
-8.32416143055729894e-18 0.00000000000000000e+00
0.00000000000000000e+00 0.00000000000000000e+00
0.00000000000000000e+00 0.00000000000000000e+00
-2.65935924837185873e-19 0.00000000000000000e+00
0.00000000000000000e+00 0.00000000000000000e+00
9.50134674596952277e-19 0.00000000000000000e+00
-4.09405907217578585e-18 0.00000000000000000e+00
0.00000000000000000e+00 0.00000000000000000e+00
